,X,Y,Z
0,0.525546643,0.000225621272,-2556.9213676897202
1,0.525546643,0.000676863816,-2658.749879741402
2,0.525546643,0.00112810636,-2748.74439322885
3,0.525546643,0.001579348904,-2829.471321868328
4,0.525546643,0.002030591448,-2902.682009327592
5,0.525546643,0.0024818339919999996,-2989.761715743476
6,0.525546643,0.0029330765359999998,-3070.098452489203
7,0.525546643,0.0033843190799999995,-3141.8646652631396
8,0.525546643,0.0038355616239999996,-3206.7523636317806
9,0.525546643,0.004286804168,-3269.6025786232713
10,0.525546643,0.004738046712,-3341.0743598382237
11,0.525546643,0.0051892892559999996,-3404.7138401011407
12,0.525546643,0.0056405318,-3462.124812556992
13,0.525546643,0.006091774344,-3514.4224846505194
14,0.525546643,0.0065430168879999995,-3570.0848993565705
15,0.525546643,0.006994259432,-3626.5606582046175
16,0.525546643,0.007445501976,-3677.411972841087
17,0.525546643,0.007896744519999999,-3723.670945517376
18,0.525546643,0.008347987064,-3766.0859327317876
19,0.525546643,0.008799229607999998,-3814.6709472518805
20,0.525546643,0.009250472151999999,-3859.8257413936835
21,0.525546643,0.009701714695999999,-3900.8510581689425
22,0.525546643,0.010152957239999998,-3938.4315157487845
23,0.525546643,0.010604199783999999,-3974.992737380896
24,0.525546643,0.011055442327999999,-4015.2187227570685
25,0.525546643,0.011506684871999998,-4051.7190820350716
26,0.525546643,0.011957927415999998,-4085.122885767815
27,0.525546643,0.012409169959999999,-4115.897671251527
28,0.525546643,0.012860412503999998,-4148.288496739564
29,0.525546643,0.013311655047999998,-4180.874227851535
30,0.525546643,0.013762897591999999,-4210.665135303068
31,0.525546643,0.014214140135999998,-4238.088963818631
32,0.525546643,0.014665382679999998,-4263.473636373548
33,0.525546643,0.015116625223999999,-4291.990702323243
34,0.525546643,0.015567867767999998,-4318.64792658071
35,0.525546643,0.016019110312,-4343.164705674812
36,0.525546643,0.016470352856,-4365.840644092163
37,0.525546643,0.0169215954,-4388.015074479368
38,0.525546643,0.017372837944,-4411.9449827283925
39,0.525546643,0.017824080488,-4433.93049260536
40,0.525546643,0.018275323032,-4454.247047740473
41,0.525546643,0.018726565576,-4473.10997034965
42,0.525546643,0.01917780812,-4492.87165712749
43,0.525546643,0.019629050664,-4512.644403246792
44,0.525546643,0.020080293207999998,-4530.897422607296
45,0.525546643,0.020531535752,-4547.828656809781
46,0.525546643,0.020982778296,-4563.596366828084
47,0.525546643,0.021434020839999998,-4581.137527279313
48,0.525546643,0.021885263384,-4597.578334563133
49,0.525546643,0.022336505928,-4612.812315811303
50,0.525546643,0.022787748471999998,-4626.985093238227
51,0.525546643,0.023238991016,-4640.906066450344
52,0.525546643,0.02369023356,-4655.749001271777
53,0.525546643,0.024141476103999998,-4669.4856202525625
54,0.525546643,0.024592718648,-4682.250656763601
55,0.525546643,0.025043961192,-4694.153434066247
56,0.525546643,0.025495203735999998,-4706.610422230981
57,0.525546643,0.02594644628,-4719.020869225791
58,0.525546643,0.026397688824,-4730.538477538299
59,0.525546643,0.026848931367999998,-4741.264496268702
60,0.525546643,0.027300173912,-4751.2824588013955
61,0.525546643,0.027751416456,-4762.389897557861
62,0.525546643,0.028202658999999998,-4772.798002636242
63,0.525546643,0.028653901544,-4782.476905069437
64,0.525546643,0.029105144088,-4791.504076886045
65,0.525546643,0.029556386631999998,-4800.404042545076
66,0.525546643,0.030007629176,-4809.82185052013
67,0.525546643,0.03045887172,-4818.565699379574
68,0.525546643,0.030910114263999998,-4826.707766266134
69,0.525546643,0.031361356808,-4834.308268880296
70,0.525546643,0.031812599351999996,-4842.276145699422
71,0.525546643,0.032263841896,-4850.182241072533
72,0.525546643,0.03271508444,-4857.53098413537
73,0.525546643,0.033166326983999996,-4864.378543489933
74,0.525546643,0.033617569528,-4870.772376285844
75,0.525546643,0.034068812072,-4877.87740220358
76,0.525546643,0.034520054615999995,-4884.512870762595
77,0.525546643,0.03497129716,-4890.683225688025
78,0.525546643,0.035422539704,-4896.432793332783
79,0.525546643,0.035873782247999995,-4902.119810402988
80,0.525546643,0.036325024792,-4908.112109755585
81,0.525546643,0.036776267336,-4913.671604705007
82,0.525546643,0.037227509879999995,-4918.83985087562
83,0.525546643,0.037678752424,-4923.652262779752
84,0.525546643,0.038129994968,-4928.721086736284
85,0.525546643,0.038581237511999995,-4933.728064936129
86,0.525546643,0.039032480056,-4938.370354723883
87,0.525546643,0.0394837226,-4942.681194060805
88,0.525546643,0.039934965143999995,-4946.689188532967
89,0.525546643,0.040386207688,-4951.183159086523
90,0.525546643,0.040837450232,-4955.348372240771
91,0.525546643,0.041288692775999995,-4959.204138237825
92,0.525546643,0.04173993532,-4962.777336814276
93,0.525546643,0.042191177864,-4966.322516093455
94,0.525546643,0.042642420407999995,-4970.053958731865
95,0.525546643,0.043093662952,-4973.495857087907
96,0.525546643,0.043544905496,-4976.673546158638
97,0.525546643,0.043996148039999995,-4979.6089780914635
98,0.525546643,0.044447390584,-4982.730225677706
99,0.525546643,0.044898633128,-4985.794892519266
100,1.576639929,0.000225621272,-2477.0841285261176
101,1.576639929,0.000676863816,-2433.3103311380733
102,1.576639929,0.00112810636,-2392.8685111432533
103,1.576639929,0.001579348904,-2355.3495509419386
104,1.576639929,0.002030591448,-2320.416289399654
105,1.576639929,0.0024818339919999996,-2287.7877294961895
106,1.576639929,0.0029330765359999998,-2257.22678502141
107,1.576639929,0.0033843190799999995,-2228.531277794961
108,1.576639929,0.0038355616239999996,-2201.527203452403
109,1.576639929,0.004286804168,-2176.0635961648672
110,1.576639929,0.004738046712,-2152.0085457421046
111,1.576639929,0.0051892892559999996,-2129.2460618189853
112,1.576639929,0.0056405318,-2107.673572882005
113,1.576639929,0.006091774344,-2087.199908362509
114,1.576639929,0.0065430168879999995,-2063.7081419931956
115,1.576639929,0.006994259432,-2038.2587563787715
116,1.576639929,0.007445501976,-2014.55576675436
117,1.576639929,0.007896744519999999,-1992.408608158884
118,1.576639929,0.008347987064,-1971.6575308207061
119,1.576639929,0.008799229607999998,-1952.1668907766361
120,1.576639929,0.009250472151999999,-1933.8202721036937
121,1.576639929,0.009701714695999999,-1916.516845909389
122,1.576639929,0.010152957239999998,-1900.1685919595611
123,1.576639929,0.010604199783999999,-1884.6981388001932
124,1.576639929,0.011055442327999999,-1870.0370583293577
125,1.576639929,0.011506684871999998,-1856.1245006129134
126,1.576639929,0.011957927415999998,-1842.9060881128655
127,1.576639929,0.012409169959999999,-1830.3330103790759
128,1.576639929,0.012860412503999998,-1815.826414517368
129,1.576639929,0.013311655047999998,-1800.213982277874
130,1.576639929,0.013762897591999999,-1785.606069229715
131,1.576639929,0.014214140135999998,-1771.9035140933015
132,1.576639929,0.014665382679999998,-1759.0218100341358
133,1.576639929,0.015116625223999999,-1746.8881453455017
134,1.576639929,0.015567867767999998,-1735.4392039940399
135,1.576639929,0.016019110312,-1724.6194907364184
136,1.576639929,0.016470352856,-1714.3800300271437
137,1.576639929,0.0169215954,-1704.6773381612838
138,1.576639929,0.017372837944,-1695.4725996699012
139,1.576639929,0.017824080488,-1686.7309989874661
140,1.576639929,0.018275323032,-1678.4211724853694
141,1.576639929,0.018726565576,-1670.514754511987
142,1.576639929,0.01917780812,-1661.3115001149247
143,1.576639929,0.019629050664,-1651.4612166696706
144,1.576639929,0.020080293207999998,-1642.2267820326706
145,1.576639929,0.020531535752,-1633.5523002102823
146,1.576639929,0.020982778296,-1625.389503001869
147,1.576639929,0.021434020839999998,-1617.6963122259613
148,1.576639929,0.021885263384,-1610.4357501406994
149,1.576639929,0.022336505928,-1603.575095388912
150,1.576639929,0.022787748471999998,-1597.0852173112585
151,1.576639929,0.023238991016,-1590.940042802044
152,1.576639929,0.02369023356,-1585.1161238135091
153,1.576639929,0.024141476103999998,-1579.5922823175429
154,1.576639929,0.024592718648,-1574.349316173185
155,1.576639929,0.025043961192,-1569.3697530229374
156,1.576639929,0.025495203735999998,-1563.4910007125955
157,1.576639929,0.02594644628,-1557.2253768461117
158,1.576639929,0.026397688824,-1551.3549835487372
159,1.576639929,0.026848931367999998,-1545.8464202207904
160,1.576639929,0.027300173912,-1540.6705262401833
161,1.576639929,0.027751416456,-1535.8016316726735
162,1.576639929,0.028202658999999998,-1531.216979480678
163,1.576639929,0.028653901544,-1526.8962712212763
164,1.576639929,0.029105144088,-1522.8213037272708
165,1.576639929,0.029556386631999998,-1518.9756748244383
166,1.576639929,0.030007629176,-1515.344541825756
167,1.576639929,0.03045887172,-1511.9144213153436
168,1.576639929,0.030910114263999998,-1508.6730217553595
169,1.576639929,0.031361356808,-1505.6091022226653
170,1.576639929,0.031812599351999996,-1501.9061948424046
171,1.576639929,0.032263841896,-1497.9694731139505
172,1.576639929,0.03271508444,-1494.2951778337633
173,1.576639929,0.033166326983999996,-1490.8624350012656
174,1.576639929,0.033617569528,-1487.6528497653353
175,1.576639929,0.034068812072,-1484.650094331328
176,1.576639929,0.034520054615999995,-1481.8395851122402
177,1.576639929,0.03497129716,-1479.2082255086805
178,1.576639929,0.035422539704,-1476.7441977004132
179,1.576639929,0.035873782247999995,-1474.4367919651977
180,1.576639929,0.036325024792,-1472.276265520103
181,1.576639929,0.036776267336,-1470.2537241432958
182,1.576639929,0.037227509879999995,-1468.3610225712291
183,1.576639929,0.037678752424,-1466.5906796618242
184,1.576639929,0.038129994968,-1464.3579608225305
185,1.576639929,0.038581237511999995,-1461.983900759786
186,1.576639929,0.039032480056,-1459.788638141576
187,1.576639929,0.0394837226,-1457.758650910943
188,1.576639929,0.039934965143999995,-1455.8819270034867
189,1.576639929,0.040386207688,-1454.1477276491823
190,1.576639929,0.040837450232,-1452.5463992555747
191,1.576639929,0.041288692775999995,-1451.0692216142543
192,1.576639929,0.04173993532,-1449.7082836857962
193,1.576639929,0.042191177864,-1448.456380855898
194,1.576639929,0.042642420407999995,-1447.3069289785367
195,1.576639929,0.043093662952,-1446.2538919172894
196,1.576639929,0.043544905496,-1445.2917199759495
197,1.576639929,0.043996148039999995,-1444.4152971858634
198,1.576639929,0.044447390584,-1443.1999942223397
199,1.576639929,0.044898633128,-1441.9002488526353
200,2.627733215,0.000225621272,-2460.774801625946
201,2.627733215,0.000676863816,-2385.6820219470123
202,2.627733215,0.00112810636,-2315.5465405361
203,2.627733215,0.001579348904,-2249.8944774142105
204,2.627733215,0.002030591448,-2188.3094952334127
205,2.627733215,0.0024818339919999996,-2130.4284985255
206,2.627733215,0.0029330765359999998,-2075.9332169293116
207,2.627733215,0.0033843190799999995,-2024.543138049202
208,2.627733215,0.0038355616239999996,-1976.0097571408485
209,2.627733215,0.004286804168,-1930.1118861696382
210,2.627733215,0.004738046712,-1886.6517995540817
211,2.627733215,0.0051892892559999996,-1845.4520424851096
212,2.627733215,0.0056405318,-1806.3527686504906
213,2.627733215,0.006091774344,-1769.209503792166
214,2.627733215,0.0065430168879999995,-1733.8912555292886
215,2.627733215,0.006994259432,-1700.278906108237
216,2.627733215,0.007445501976,-1668.2638384971497
217,2.627733215,0.007896744519999999,-1637.7467556378665
218,2.627733215,0.008347987064,-1608.636661604536
219,2.627733215,0.008799229607999998,-1580.849977830258
220,2.627733215,0.009250472151999999,-1554.3097739758944
221,2.627733215,0.009701714695999999,-1528.9450955762693
222,2.627733215,0.010152957239999998,-1504.6903743455796
223,2.627733215,0.010604199783999999,-1479.4451244614502
224,2.627733215,0.011055442327999999,-1447.975908883434
225,2.627733215,0.011506684871999998,-1418.3760391908213
226,2.627733215,0.011957927415999998,-1390.4918288872134
227,2.627733215,0.012409169959999999,-1364.1876765208156
228,2.627733215,0.012860412503999998,-1339.3432450581067
229,2.627733215,0.013311655047999998,-1315.8511662935648
230,2.627733215,0.013762897591999999,-1293.6151804504393
231,2.627733215,0.014214140135999998,-1272.548612206902
232,2.627733215,0.014665382679999998,-1252.5731095299707
233,2.627733215,0.015116625223999999,-1233.6175907415586
234,2.627733215,0.015567867767999998,-1215.61735830119
235,2.627733215,0.016019110312,-1198.513347562397
236,2.627733215,0.016470352856,-1182.2514857838548
237,2.627733215,0.0169215954,-1166.7821419977363
238,2.627733215,0.017372837944,-1152.059652288653
239,2.627733215,0.017824080488,-1138.0419079041324
240,2.627733215,0.018275323032,-1124.6899967293352
241,2.627733215,0.018726565576,-1111.9678892132795
242,2.627733215,0.01917780812,-1099.8421625953142
243,2.627733215,0.019629050664,-1088.2817579276175
244,2.627733215,0.020080293207999998,-1077.2577647183766
245,2.627733215,0.020531535752,-1066.7432301166943
246,2.627733215,0.020982778296,-1056.7129886768107
247,2.627733215,0.021434020839999998,-1042.9760461818823
248,2.627733215,0.021885263384,-1029.6810240935085
249,2.627733215,0.022336505928,-1017.1794109132102
250,2.627733215,0.022787748471999998,-1005.4147948822355
251,2.627733215,0.023238991016,-994.3365050632316
252,2.627733215,0.02369023356,-983.8988139966605
253,2.627733215,0.024141476103999998,-974.0602833285361
254,2.627733215,0.024592718648,-964.7832208265172
255,2.627733215,0.025043961192,-956.033225469735
256,2.627733215,0.025495203735999998,-947.778803081111
257,2.627733215,0.02594644628,-939.9910391257798
258,2.627733215,0.026397688824,-932.6433182154612
259,2.627733215,0.026848931367999998,-925.711082285238
260,2.627733215,0.027300173912,-919.1716209420458
261,2.627733215,0.027751416456,-913.0038885932968
262,2.627733215,0.028202658999999998,-907.1883445704063
263,2.627733215,0.028653901544,-901.7068123936215
264,2.627733215,0.029105144088,-896.5423555399482
265,2.627733215,0.029556386631999998,-891.6791674395722
266,2.627733215,0.030007629176,-887.1024736300847
267,2.627733215,0.03045887172,-882.7984444399469
268,2.627733215,0.030910114263999998,-878.754116983132
269,2.627733215,0.031361356808,-874.9573250776475
270,2.627733215,0.031812599351999996,-869.9119846817553
271,2.627733215,0.032263841896,-864.3524649891776
272,2.627733215,0.03271508444,-859.2008886569034
273,2.627733215,0.033166326983999996,-854.4300051377138
274,2.627733215,0.033617569528,-850.0151451036206
275,2.627733215,0.034068812072,-845.9338826011237
276,2.627733215,0.034520054615999995,-842.1657551353182
277,2.627733215,0.03497129716,-838.692029246797
278,2.627733215,0.035422539704,-835.4955023920304
279,2.627733215,0.035873782247999995,-832.5603342423365
280,2.627733215,0.036325024792,-829.8719017710772
281,2.627733215,0.036776267336,-827.4166742972473
282,2.627733215,0.037227509879999995,-825.1821048208737
283,2.627733215,0.037678752424,-823.1565351964417
284,2.627733215,0.038129994968,-821.3291129472061
285,2.627733215,0.038581237511999995,-819.6897179546336
286,2.627733215,0.039032480056,-818.2288976090106
287,2.627733215,0.0394837226,-816.9378091929325
288,2.627733215,0.039934965143999995,-815.8081685613395
289,2.627733215,0.040386207688,-814.8322042881389
290,2.627733215,0.040837450232,-814.0026164610116
291,2.627733215,0.041288692775999995,-813.3125397190518
292,2.627733215,0.04173993532,-812.7555098658509
293,2.627733215,0.042191177864,-811.9024140000354
294,2.627733215,0.042642420407999995,-810.375028017483
295,2.627733215,0.043093662952,-809.070117088728
296,2.627733215,0.043544905496,-807.9732124994337
297,2.627733215,0.043996148039999995,-807.0711463169453
298,2.627733215,0.044447390584,-806.3518889188069
299,2.627733215,0.044898633128,-805.8044133139576
300,3.6788265009999996,0.000225621272,-2453.733115768051
301,3.6788265009999996,0.000676863816,-2364.97258077731
302,3.6788265009999996,0.00112810636,-2281.6566811152734
303,3.6788265009999996,0.001579348904,-2203.3402874162293
304,3.6788265009999996,0.002030591448,-2129.6149135796077
305,3.6788265009999996,0.0024818339919999996,-2060.1158410579746
306,3.6788265009999996,0.0029330765359999998,-1994.5171041766678
307,3.6788265009999996,0.0033843190799999995,-1932.5264621775164
308,3.6788265009999996,0.0038355616239999996,-1873.8810377776342
309,3.6788265009999996,0.004286804168,-1818.3436058383193
310,3.6788265009999996,0.004738046712,-1765.6994383344436
311,3.6788265009999996,0.0051892892559999996,-1715.7536138411137
312,3.6788265009999996,0.0056405318,-1668.3287135505277
313,3.6788265009999996,0.006091774344,-1623.2628397599929
314,3.6788265009999996,0.0065430168879999995,-1580.4079043891934
315,3.6788265009999996,0.006994259432,-1539.6281448242626
316,3.6788265009999996,0.007445501976,-1500.7988317891045
317,3.6788265009999996,0.007896744519999999,-1463.805140430126
318,3.6788265009999996,0.008347987064,-1428.541160469039
319,3.6788265009999996,0.008799229607999998,-1394.9090255499482
320,3.6788265009999996,0.009250472151999999,-1362.8181449515625
321,3.6788265009999996,0.009701714695999999,-1332.184523733302
322,3.6788265009999996,0.010152957239999998,-1302.930159322747
323,3.6788265009999996,0.010604199783999999,-1274.9825046600863
324,3.6788265009999996,0.011055442327999999,-1248.2739892170252
325,3.6788265009999996,0.011506684871999998,-1222.7415906642814
326,3.6788265009999996,0.011957927415999998,-1198.3264509783787
327,3.6788265009999996,0.012409169959999999,-1174.9735315179005
328,3.6788265009999996,0.012860412503999998,-1152.6313025219592
329,3.6788265009999996,0.013311655047999998,-1131.25146302739
330,3.6788265009999996,0.013762897591999999,-1110.788687671372
331,3.6788265009999996,0.014214140135999998,-1091.200397408391
332,3.6788265009999996,0.014665382679999998,-1072.446551516176
333,3.6788265009999996,0.015116625223999999,-1047.117496099217
334,3.6788265009999996,0.015567867767999998,-1022.3367621082414
335,3.6788265009999996,0.016019110312,-998.9618176449296
336,3.6788265009999996,0.016470352856,-976.8985872544731
337,3.6788265009999996,0.0169215954,-956.0616781461906
338,3.6788265009999996,0.017372837944,-936.3733261438081
339,3.6788265009999996,0.017824080488,-917.7624983028312
340,3.6788265009999996,0.018275323032,-900.1641277499937
341,3.6788265009999996,0.018726565576,-883.5184575783793
342,3.6788265009999996,0.01917780812,-867.7704750464679
343,3.6788265009999996,0.019629050664,-852.8694211103659
344,3.6788265009999996,0.020080293207999998,-838.7683631643674
345,3.6788265009999996,0.020531535752,-825.4238212331406
346,3.6788265009999996,0.020982778296,-812.7954395175198
347,3.6788265009999996,0.021434020839999998,-800.8456967451725
348,3.6788265009999996,0.021885263384,-789.5396497723789
349,3.6788265009999996,0.022336505928,-778.8447059159862
350,3.6788265009999996,0.022787748471999998,-768.7304201221071
351,3.6788265009999996,0.023238991016,-759.1683137523698
352,3.6788265009999996,0.02369023356,-750.1317122331643
353,3.6788265009999996,0.024141476103999998,-741.5955992069117
354,3.6788265009999996,0.024592718648,-733.5364852094875
355,3.6788265009999996,0.025043961192,-725.9322891425676
356,3.6788265009999996,0.025495203735999998,-718.7622310276313
357,3.6788265009999996,0.02594644628,-712.0067348049681
358,3.6788265009999996,0.026397688824,-705.6473400240104
359,3.6788265009999996,0.026848931367999998,-699.6666214805173
360,3.6788265009999996,0.027300173912,-694.0481159494027
361,3.6788265009999996,0.027751416456,-688.7762552308311
362,3.6788265009999996,0.028202658999999998,-683.8363049212135
363,3.6788265009999996,0.028653901544,-679.2143082942616
364,3.6788265009999996,0.029105144088,-674.8970347889006
365,3.6788265009999996,0.029556386631999998,-670.0030602479401
366,3.6788265009999996,0.030007629176,-663.314059991186
367,3.6788265009999996,0.03045887172,-657.1473919348535
368,3.6788265009999996,0.030910114263999998,-651.4713787306371
369,3.6788265009999996,0.031361356808,-646.256961170578
370,3.6788265009999996,0.031812599351999996,-641.4774051500114
371,3.6788265009999996,0.032263841896,-637.1080511366226
372,3.6788265009999996,0.03271508444,-633.1260985530998
373,3.6788265009999996,0.033166326983999996,-629.5104190038961
374,3.6788265009999996,0.033617569528,-626.2413935795382
375,3.6788265009999996,0.034068812072,-623.3007703951903
376,3.6788265009999996,0.034520054615999995,-620.6715392680153
377,3.6788265009999996,0.03497129716,-618.3378209847931
378,3.6788265009999996,0.035422539704,-616.284769083707
379,3.6788265009999996,0.035873782247999995,-614.4984824257276
380,3.6788265009999996,0.036325024792,-612.9659270880942
381,3.6788265009999996,0.036776267336,-611.6748663836051
382,3.6788265009999996,0.037227509879999995,-610.6137979676021
383,3.6788265009999996,0.037678752424,-609.771897166223
384,3.6788265009999996,0.038129994968,-609.1389657622053
385,3.6788265009999996,0.038581237511999995,-608.705385631252
386,3.6788265009999996,0.039032480056,-608.462076638287
387,3.6788265009999996,0.0394837226,-608.4004583440121
388,3.6788265009999996,0.039934965143999995,-608.5124150936479
389,3.6788265009999996,0.040386207688,-608.7902641329958
390,3.6788265009999996,0.040837450232,-609.2267264302843
391,3.6788265009999996,0.041288692775999995,-609.814899938644
392,3.6788265009999996,0.04173993532,-610.5482350323572
393,3.6788265009999996,0.042191177864,-611.4205119228304
394,3.6788265009999996,0.042642420407999995,-612.4258198607788
395,3.6788265009999996,0.043093662952,-613.5585379454784
396,3.6788265009999996,0.043544905496,-614.8133174057834
397,3.6788265009999996,0.043996148039999995,-616.1850651983209
398,3.6788265009999996,0.044447390584,-616.9200666071022
399,3.6788265009999996,0.044898633128,-617.4821692865912
400,4.729919787,0.000225621272,-2449.794200281066
401,4.729919787,0.000676863816,-2353.382584184144
402,4.729919787,0.00112810636,-2262.6207766820025
403,4.729919787,0.001579348904,-2177.0978195418297
404,4.729919787,0.002030591448,-2096.421302267778
405,4.729919787,0.0024818339919999996,-2020.2354137346297
406,4.729919787,0.0029330765359999998,-1948.2183281528155
407,4.729919787,0.0033843190799999995,-1880.0784879527853
408,4.729919787,0.0038355616239999996,-1815.5511472856658
409,4.729919787,0.004286804168,-1754.3953292379492
410,4.729919787,0.004738046712,-1696.3911769766933
411,4.729919787,0.0051892892559999996,-1641.3376506753937
412,4.729919787,0.0056405318,-1589.0505215702485
413,4.729919787,0.006091774344,-1539.3606202722922
414,4.729919787,0.0065430168879999995,-1492.1123024947415
415,4.729919787,0.006994259432,-1447.162101269797
416,4.729919787,0.007445501976,-1404.3775394778022
417,4.729919787,0.007896744519999999,-1363.6360807088959
418,4.729919787,0.008347987064,-1324.8241996816962
419,4.729919787,0.008799229607999998,-1287.8365566147693
420,4.729919787,0.009250472151999999,-1252.5752619756036
421,4.729919787,0.009701714695999999,-1218.9492201517742
422,4.729919787,0.010152957239999998,-1186.8735422917514
423,4.729919787,0.010604199783999999,-1156.2690197480867
424,4.729919787,0.011055442327999999,-1127.0616510392877
425,4.729919787,0.011506684871999998,-1099.1822158477762
426,4.729919787,0.011957927415999998,-1072.5658907436566
427,4.729919787,0.012409169959999999,-1047.1519018245297
428,4.729919787,0.012860412503999998,-1022.883210241582
429,4.729919787,0.013311655047999998,-999.7062269102844
430,4.729919787,0.013762897591999999,-977.5705532989855
431,4.729919787,0.014214140135999998,-956.4287455281894
432,4.729919787,0.014665382679999998,-936.2360993830723
433,4.729919787,0.015116625223999999,-916.9504539880211
434,4.729919787,0.015567867767999998,-898.5320123639992
435,4.729919787,0.016019110312,-880.9431771339596
436,4.729919787,0.016470352856,-864.1483998856852
437,4.729919787,0.0169215954,-848.1140429134182
438,4.729919787,0.017372837944,-832.808252079476
439,4.729919787,0.017824080488,-818.2008398421692
440,4.729919787,0.018275323032,-804.2631774707947
441,4.729919787,0.018726565576,-790.9680955458114
442,4.729919787,0.01917780812,-774.4935239275128
443,4.729919787,0.019629050664,-756.2222568573299
444,4.729919787,0.020080293207999998,-739.0535995208395
445,4.729919787,0.020531535752,-722.9219067593448
446,4.729919787,0.020982778296,-707.7667453135336
447,4.729919787,0.021434020839999998,-693.5323692777783
448,4.729919787,0.021885263384,-680.1672481073753
449,4.729919787,0.022336505928,-667.623652809039
450,4.729919787,0.022787748471999998,-655.8572926021603
451,4.729919787,0.023238991016,-644.8269948026586
452,4.729919787,0.02369023356,-634.4944217545055
453,4.729919787,0.024141476103999998,-624.8238196607078
454,4.729919787,0.024592718648,-615.7817950254384
455,4.729919787,0.025043961192,-607.3371149953211
456,4.729919787,0.025495203735999998,-599.460528631014
457,4.729919787,0.02594644628,-592.1246063976491
458,4.729919787,0.026397688824,-585.3035956966017
459,4.729919787,0.026848931367999998,-578.9732905138048
460,4.729919787,0.027300173912,-573.1109135493984
461,4.729919787,0.027751416456,-567.6950093523544
462,4.729919787,0.028202658999999998,-562.705347327592
463,4.729919787,0.028653901544,-558.1228334107348
464,4.729919787,0.029105144088,-553.9294296187641
465,4.729919787,0.029556386631999998,-550.1080805079898
466,4.729919787,0.030007629176,-546.6426459553242
467,4.729919787,0.03045887172,-543.5178395193643
468,4.729919787,0.030910114263999998,-540.7191719004572
469,4.729919787,0.031361356808,-538.2328989619921
470,4.729919787,0.031812599351999996,-536.0459738753632
471,4.729919787,0.032263841896,-534.146003027768
472,4.729919787,0.03271508444,-532.5212053201249
473,4.729919787,0.033166326983999996,-531.1603745341013
474,4.729919787,0.033617569528,-530.0528445335374
475,4.729919787,0.034068812072,-529.1884570254163
476,4.729919787,0.034520054615999995,-528.5575316277209
477,4.729919787,0.03497129716,-528.1508381037036
478,4.729919787,0.035422539704,-527.9595705539014
479,4.729919787,0.035873782247999995,-527.9753233813099
480,4.729919787,0.036325024792,-528.1900689184688
481,4.729919787,0.036776267336,-528.5961365647182
482,4.729919787,0.037227509879999995,-529.1861933127852
483,4.729919787,0.037678752424,-529.9532255523118
484,4.729919787,0.038129994968,-529.8563542651625
485,4.729919787,0.038581237511999995,-529.4848873975741
486,4.729919787,0.039032480056,-529.4223614621692
487,4.729919787,0.0394837226,-529.6518029392522
488,4.729919787,0.039934965143999995,-530.157415863991
489,4.729919787,0.040386207688,-530.9244733654562
490,4.729919787,0.040837450232,-531.9392221049927
491,4.729919787,0.041288692775999995,-533.188797702489
492,4.729919787,0.04173993532,-534.6611495957754
493,4.729919787,0.042191177864,-536.3449740002752
494,4.729919787,0.042642420407999995,-538.2296539133051
495,4.729919787,0.043093662952,-540.3052052316268
496,4.729919787,0.043544905496,-542.5622282189725
497,4.729919787,0.043996148039999995,-544.9918636747789
498,4.729919787,0.044447390584,-547.5857532401399
499,4.729919787,0.044898633128,-550.3360033632127
500,5.7810130730000004,0.000225621272,-2447.2667829340917
501,5.7810130730000004,0.000676863816,-2345.9705592510736
502,5.7810130730000004,0.00112810636,-2250.42489587278
503,5.7810130730000004,0.001579348904,-2160.250385013807
504,5.7810130730000004,0.002030591448,-2075.069814558406
505,5.7810130730000004,0.0024818339919999996,-1994.5370782142115
506,5.7810130730000004,0.0029330765359999998,-1918.3365220245191
507,5.7810130730000004,0.0033843190799999995,-1846.1801487961743
508,5.7810130730000004,0.0038355616239999996,-1777.8047711452182
509,5.7810130730000004,0.004286804168,-1712.9694207139169
510,5.7810130730000004,0.004738046712,-1651.4530487461416
511,5.7810130730000004,0.0051892892559999996,-1593.0524981845683
512,5.7810130730000004,0.0056405318,-1537.5807160912211
513,5.7810130730000004,0.006091774344,-1484.865176456801
514,5.7810130730000004,0.0065430168879999995,-1434.7464851994662
515,5.7810130730000004,0.006994259432,-1387.0771440126396
516,5.7810130730000004,0.007445501976,-1341.7204522498528
517,5.7810130730000004,0.007896744519999999,-1298.5495290898862
518,5.7810130730000004,0.008347987064,-1257.4464409017996
519,5.7810130730000004,0.008799229607999998,-1218.3014207943802
520,5.7810130730000004,0.009250472151999999,-1181.0121690488143
521,5.7810130730000004,0.009701714695999999,-1145.4832248025975
522,5.7810130730000004,0.010152957239999998,-1111.6254007078023
523,5.7810130730000004,0.010604199783999999,-1079.3552728597415
524,5.7810130730000004,0.011055442327999999,-1048.5947205910868
525,5.7810130730000004,0.011506684871999998,-1019.2705094445182
526,5.7810130730000004,0.011957927415999998,-991.3139135918494
527,5.7810130730000004,0.012409169959999999,-964.6603726445514
528,5.7810130730000004,0.012860412503999998,-939.2491798102558
529,5.7810130730000004,0.013311655047999998,-915.0231977723867
530,5.7810130730000004,0.013762897591999999,-891.9285995249095
531,5.7810130730000004,0.014214140135999998,-869.9146314387951
532,5.7810130730000004,0.014665382679999998,-848.9333968972271
533,5.7810130730000004,0.015116625223999999,-828.9396577542898
534,5.7810130730000004,0.015567867767999998,-809.8906522991231
535,5.7810130730000004,0.016019110312,-791.7459282105215
536,5.7810130730000004,0.016470352856,-774.4671887786551
537,5.7810130730000004,0.0169215954,-758.01815150488
538,5.7810130730000004,0.017372837944,-742.3644174695224
539,5.7810130730000004,0.017824080488,-727.4733511420897
540,5.7810130730000004,0.018275323032,-713.3139691528702
541,5.7810130730000004,0.018726565576,-699.8568372959235
542,5.7810130730000004,0.01917780812,-687.0739755902667
543,5.7810130730000004,0.019629050664,-674.9387697910283
544,5.7810130730000004,0.020080293207999998,-663.4258896434035
545,5.7810130730000004,0.020531535752,-652.5112129766412
546,5.7810130730000004,0.020982778296,-642.1717549068442
547,5.7810130730000004,0.021434020839999998,-632.3856021494357
548,5.7810130730000004,0.021885263384,-623.1318519710959
549,5.7810130730000004,0.022336505928,-614.3905549763704
550,5.7810130730000004,0.022787748471999998,-606.1426620440725
551,5.7810130730000004,0.023238991016,-597.0974367232855
552,5.7810130730000004,0.02369023356,-585.0633900360003
553,5.7810130730000004,0.024141476103999998,-573.8874475642936
554,5.7810130730000004,0.024592718648,-563.5227223685072
555,5.7810130730000004,0.025043961192,-553.9255974325897
556,5.7810130730000004,0.025495203735999998,-545.0554781840091
557,5.7810130730000004,0.02594644628,-536.8745258830395
558,5.7810130730000004,0.026397688824,-529.3474178247745
559,5.7810130730000004,0.026848931367999998,-522.4411330250326
560,5.7810130730000004,0.027300173912,-516.1247604450423
561,5.7810130730000004,0.027751416456,-510.36932695858485
562,5.7810130730000004,0.028202658999999998,-505.14764260181073
563,5.7810130730000004,0.028653901544,-500.43416108017817
564,5.7810130730000004,0.029105144088,-496.2048537428513
565,5.7810130730000004,0.029556386631999998,-492.437095396445
566,5.7810130730000004,0.030007629176,-489.10956072897096
567,5.7810130730000004,0.03045887172,-486.2021300664239
568,5.7810130730000004,0.030910114263999998,-483.69580355018087
569,5.7810130730000004,0.031361356808,-481.5726228175585
570,5.7810130730000004,0.031812599351999996,-479.8155992938923
571,5.7810130730000004,0.032263841896,-478.40864864477425
572,5.7810130730000004,0.03271508444,-477.33653055769605
573,5.7810130730000004,0.033166326983999996,-476.58479346419944
574,5.7810130730000004,0.033617569528,-476.1397236323014
575,5.7810130730000004,0.034068812072,-475.98829833856655
576,5.7810130730000004,0.034520054615999995,-476.1181425768761
577,5.7810130730000004,0.03497129716,-476.51748913111766
578,5.7810130730000004,0.035422539704,-477.17514159461945
579,5.7810130730000004,0.035873782247999995,-478.0804401808179
580,5.7810130730000004,0.036325024792,-479.22322995241194
581,5.7810130730000004,0.036776267336,-480.593831392095
582,5.7810130730000004,0.037227509879999995,-482.1830130125704
583,5.7810130730000004,0.037678752424,-483.98196590017153
584,5.7810130730000004,0.038129994968,-485.98228000481225
585,5.7810130730000004,0.038581237511999995,-488.1759220324766
586,5.7810130730000004,0.039032480056,-490.55521483144213
587,5.7810130730000004,0.0394837226,-493.1128181295364
588,5.7810130730000004,0.039934965143999995,-495.8417105315978
589,5.7810130730000004,0.040386207688,-498.7351726816568
590,5.7810130730000004,0.040837450232,-501.7867714961873
591,5.7810130730000004,0.041288692775999995,-504.99034537900155
592,5.7810130730000004,0.04173993532,-508.33999036923336
593,5.7810130730000004,0.042191177864,-511.83004712374407
594,5.7810130730000004,0.042642420407999995,-515.4550887117682
595,5.7810130730000004,0.043093662952,-519.209909111403
596,5.7810130730000004,0.043544905496,-523.089512415749
597,5.7810130730000004,0.043996148039999995,-527.0891026517043
598,5.7810130730000004,0.044447390584,-531.2040742175396
599,5.7810130730000004,0.044898633128,-535.4300028172822
600,6.832106359,0.000225621272,-2445.4987748786625
601,6.832106359,0.000676863816,-2340.818339507257
602,6.832106359,0.00112810636,-2241.941189929377
603,6.832106359,0.001579348904,-2148.51643390961
604,6.832106359,0.002030591448,-2060.180137606632
605,6.832106359,0.0024818339919999996,-1976.594978778143
606,6.832106359,0.0029330765359999998,-1897.4513710443184
607,6.832106359,0.0033843190799999995,-1822.4653901051327
608,6.832106359,0.0038355616239999996,-1751.3763708257482
609,6.832106359,0.004286804168,-1683.9446386958182
610,6.832106359,0.004738046712,-1619.9494601038325
611,6.832106359,0.0051892892559999996,-1559.1872133273414
612,6.832106359,0.0056405318,-1501.4697617372326
613,6.832106359,0.006091774344,-1446.623007222008
614,6.832106359,0.0065430168879999995,-1394.4856020436628
615,6.832106359,0.006994259432,-1344.9078000765082
616,6.832106359,0.007445501976,-1297.7504302880086
617,6.832106359,0.007896744519999999,-1252.8839776292425
618,6.832106359,0.008347987064,-1210.187758466356
619,6.832106359,0.008799229607999998,-1169.5491794400987
620,6.832106359,0.009250472151999999,-1130.8630699859
621,6.832106359,0.009701714695999999,-1094.031080121424
622,6.832106359,0.010152957239999998,-1058.9611361770262
623,6.832106359,0.010604199783999999,-1025.5669478928573
624,6.832106359,0.011055442327999999,-993.7675616203142
625,6.832106359,0.011506684871999998,-963.4869542429035
626,6.832106359,0.011957927415999998,-934.6536638997034
627,6.832106359,0.012409169959999999,-907.2004533770481
628,6.832106359,0.012860412503999998,-881.0640030841414
629,6.832106359,0.013311655047999998,-856.1846304516741
630,6.832106359,0.013762897591999999,-832.506033200623
631,6.832106359,0.014214140135999998,-809.9750540227071
632,6.832106359,0.014665382679999998,-788.5414648690182
633,6.832106359,0.015116625223999999,-768.1577686763466
634,6.832106359,0.015567867767999998,-748.7790170242408
635,6.832106359,0.016019110312,-730.362642339252
636,6.832106359,0.016470352856,-712.868303115452
637,6.832106359,0.0169215954,-696.2577411977774
638,6.832106359,0.017372837944,-680.4946497718083
639,6.832106359,0.017824080488,-665.5445514562093
640,6.832106359,0.018275323032,-651.3746853621408
641,6.832106359,0.018726565576,-637.9539023850741
642,6.832106359,0.01917780812,-625.2525682434714
643,6.832106359,0.019629050664,-613.2424732467598
644,6.832106359,0.020080293207999998,-601.8967486051904
645,6.832106359,0.020531535752,-591.1897885526762
646,6.832106359,0.020982778296,-581.0971777666759
647,6.832106359,0.021434020839999998,-571.5956238100439
648,6.832106359,0.021885263384,-562.662894163152
649,6.832106359,0.022336505928,-554.2777573530759
650,6.832106359,0.022787748471999998,-546.4199280463682
651,6.832106359,0.023238991016,-539.0700156942726
652,6.832106359,0.02369023356,-532.2094765116487
653,6.832106359,0.024141476103999998,-525.8205684327414
654,6.832106359,0.024592718648,-519.8863090805211
655,6.832106359,0.025043961192,-514.3904361715583
656,6.832106359,0.025495203735999998,-509.3173704811834
657,6.832106359,0.02594644628,-504.65218106719107
658,6.832106359,0.026397688824,-500.38055252375517
659,6.832106359,0.026848931367999998,-496.4887543160408
660,6.832106359,0.027300173912,-492.96361178674914
661,6.832106359,0.027751416456,-486.65449719065964
662,6.832106359,0.028202658999999998,-480.7929915538528
663,6.832106359,0.028653901544,-475.56516947520936
664,6.832106359,0.029105144088,-470.93888231559004
665,6.832106359,0.029556386631999998,-466.8840105636894
666,6.832106359,0.030007629176,-463.3723056475015
667,6.832106359,0.03045887172,-460.37724308523235
668,6.832106359,0.030910114263999998,-457.8738893039725
669,6.832106359,0.031361356808,-455.8387809945377
670,6.832106359,0.031812599351999996,-454.24981568418076
671,6.832106359,0.032263841896,-453.0861522970301
672,6.832106359,0.03271508444,-452.32812062193597
673,6.832106359,0.033166326983999996,-451.9571387495001
674,6.832106359,0.033617569528,-451.9556376172498
675,6.832106359,0.034068812072,-452.30699197320337
676,6.832106359,0.034520054615999995,-452.99545707194324
677,6.832106359,0.03497129716,-454.0061105569128
678,6.832106359,0.035422539704,-455.324799024503
679,6.832106359,0.035873782247999995,-456.9380888132188
680,6.832106359,0.036325024792,-458.8332206319453
681,6.832106359,0.036776267336,-460.99806766503906
682,6.832106359,0.037227509879999995,-463.42109683738676
683,6.832106359,0.037678752424,-466.09133296930594
684,6.832106359,0.038129994968,-468.9983255501988
685,6.832106359,0.038581237511999995,-472.13211791543887
686,6.832106359,0.039032480056,-475.4832186175127
687,6.832106359,0.0394837226,-479.0425748090679
688,6.832106359,0.039934965143999995,-482.80154746070946
689,6.832106359,0.040386207688,-486.7518882846009
690,6.832106359,0.040837450232,-490.8857182036159
691,6.832106359,0.041288692775999995,-495.19550725055944
692,6.832106359,0.04173993532,-499.6740558051032
693,6.832106359,0.042191177864,-504.31447701700637
694,6.832106359,0.042642420407999995,-509.1101803909071
695,6.832106359,0.043093662952,-514.0548563829709
696,6.832106359,0.043544905496,-519.1424619692291
697,6.832106359,0.043996148039999995,-524.3672070928615
698,6.832106359,0.044447390584,-529.7235419759403
699,6.832106359,0.044898633128,-535.2061451477311
700,7.8831996449999995,0.000225621272,-2444.185623946775
701,7.8831996449999995,0.000676863816,-2337.0256431769208
702,7.8831996449999995,0.00112810636,-2235.6964211695595
703,7.8831996449999995,0.001579348904,-2139.872955700465
704,7.8831996449999995,0.002030591448,-2049.2028827102463
705,7.8831996449999995,0.0024818339919999996,-1963.356557668604
706,7.8831996449999995,0.0029330765359999998,-1882.029883720844
707,7.8831996449999995,0.0033843190799999995,-1804.9428538633904
708,7.8831996449999995,0.0038355616239999996,-1731.837496529322
709,7.8831996449999995,0.004286804168,-1662.4758505483167
710,7.8831996449999995,0.004738046712,-1596.6381019546584
711,7.8831996449999995,0.0051892892559999996,-1534.1209038202664
712,7.8831996449999995,0.0056405318,-1474.7358707454978
713,7.8831996449999995,0.006091774344,-1418.3082319121254
714,7.8831996449999995,0.0065430168879999995,-1364.6756255893556
715,7.8831996449999995,0.006994259432,-1313.6870188914208
716,7.8831996449999995,0.007445501976,-1265.2017383304492
717,7.8831996449999995,0.007896744519999999,-1219.088598215151
718,7.8831996449999995,0.008347987064,-1175.2251157465923
719,7.8831996449999995,0.008799229607999998,-1133.4968028179023
720,7.8831996449999995,0.009250472151999999,-1093.796526031521
721,7.8831996449999995,0.009701714695999999,-1056.0239273007462
722,7.8831996449999995,0.010152957239999998,-1020.0848984512196
723,7.8831996449999995,0.010604199783999999,-985.8911040443952
724,7.8831996449999995,0.011055442327999999,-953.3595473259861
725,7.8831996449999995,0.011506684871999998,-922.4121747771001
726,7.8831996449999995,0.011957927415999998,-892.9755153611998
727,7.8831996449999995,0.012409169959999999,-864.9803509108867
728,7.8831996449999995,0.012860412503999998,-838.3614145746208
729,7.8831996449999995,0.013311655047999998,-813.05711459553
730,7.8831996449999995,0.013762897591999999,-789.009280937945
731,7.8831996449999995,0.014214140135999998,-766.1629325798192
732,7.8831996449999995,0.014665382679999998,-744.4660635582111
733,7.8831996449999995,0.015116625223999999,-723.8694460155264
734,7.8831996449999995,0.015567867767999998,-704.3264486658979
735,7.8831996449999995,0.016019110312,-685.7928693166489
736,7.8831996449999995,0.016470352856,-668.2267801994265
737,7.8831996449999995,0.0169215954,-651.5883849314824
738,7.8831996449999995,0.017372837944,-635.8398861560443
739,7.8831996449999995,0.017824080488,-620.9453629322209
740,7.8831996449999995,0.018275323032,-606.8706569906803
741,7.8831996449999995,0.018726565576,-593.5832671897872
742,7.8831996449999995,0.01917780812,-581.0522514720109
743,7.8831996449999995,0.019629050664,-569.2481356451945
744,7.8831996449999995,0.020080293207999998,-558.1428285392841
745,7.8831996449999995,0.020531535752,-547.7095429432964
746,7.8831996449999995,0.020982778296,-537.9227219136939
747,7.8831996449999995,0.021434020839999998,-528.7579700105099
748,7.8831996449999995,0.021885263384,-520.1919890864299
749,7.8831996449999995,0.022336505928,-512.2025182935427
750,7.8831996449999995,0.022787748471999998,-504.7682779768645
751,7.8831996449999995,0.023238991016,-497.86891715019567
752,7.8831996449999995,0.02369023356,-491.48496431673203
753,7.8831996449999995,0.024141476103999998,-485.5977813846218
754,7.8831996449999995,0.024592718648,-480.1895204170355
755,7.8831996449999995,0.025043961192,-475.2430830767087
756,7.8831996449999995,0.025495203735999998,-470.74208250773285
757,7.8831996449999995,0.02594644628,-466.6708075339271
758,7.8831996449999995,0.026397688824,-463.0141889814976
759,7.8831996449999995,0.026848931367999998,-459.75776799328537
760,7.8831996449999995,0.027300173912,-456.88766620140774
761,7.8831996449999995,0.027751416456,-454.3905576142824
762,7.8831996449999995,0.028202658999999998,-452.25364213043423
763,7.8831996449999995,0.028653901544,-450.4646205469833
764,7.8831996449999995,0.029105144088,-449.0116709744446
765,7.8831996449999995,0.029556386631999998,-447.88342657417485
766,7.8831996449999995,0.030007629176,-447.0689545190207
767,7.8831996449999995,0.03045887172,-446.55773610131416
768,7.8831996449999995,0.030910114263999998,-446.33964793178797
769,7.8831996449999995,0.031361356808,-446.40494413483617
770,7.8831996449999995,0.031812599351999996,-445.44411252158835
771,7.8831996449999995,0.032263841896,-444.1569188830872
772,7.8831996449999995,0.03271508444,-443.36483737973833
773,7.8831996449999995,0.033166326983999996,-443.04371939518893
774,7.8831996449999995,0.033617569528,-443.1708249541333
775,7.8831996449999995,0.034068812072,-443.72472538426604
776,7.8831996449999995,0.034520054615999995,-444.685209139056
777,7.8831996449999995,0.03497129716,-446.0331953569283
778,7.8831996449999995,0.035422539704,-447.7506548187448
779,7.8831996449999995,0.035873782247999995,-449.82053762667755
780,7.8831996449999995,0.036325024792,-452.2267069458665
781,7.8831996449999995,0.036776267336,-454.95387820895206
782,7.8831996449999995,0.037227509879999995,-457.98756325244466
783,7.8831996449999995,0.037678752424,-461.3140189081119
784,7.8831996449999995,0.038129994968,-464.92019963239693
785,7.8831996449999995,0.038581237511999995,-468.79371379231196
786,7.8831996449999995,0.039032480056,-472.9227832804057
787,7.8831996449999995,0.0394837226,-477.2962061517647
788,7.8831996449999995,0.039934965143999995,-481.9033220204175
789,7.8831996449999995,0.040386207688,-486.7339799748135
790,7.8831996449999995,0.040837450232,-491.7785087917104
791,7.8831996449999995,0.041288692775999995,-497.02768925568097
792,7.8831996449999995,0.04173993532,-502.4727284086696
793,7.8831996449999995,0.042191177864,-508.10523557824496
794,7.8831996449999995,0.042642420407999995,-513.9172000188705
795,7.8831996449999995,0.043093662952,-519.900970069278
796,7.8831996449999995,0.043544905496,-526.0492336687503
797,7.8831996449999995,0.043996148039999995,-532.3550001656288
798,7.8831996449999995,0.044447390584,-538.8115832852088
799,7.8831996449999995,0.044898633128,-545.4125851870213
800,8.934292931,0.000225621272,-2443.1661468862003
801,8.934292931,0.000676863816,-2334.1139963252526
802,8.934292931,0.00112810636,-2230.9056212751925
803,8.934292931,0.001579348904,-2133.239635870689
804,8.934292931,0.002030591448,-2040.7738935392163
805,8.934292931,0.0024818339919999996,-1953.1854534694435
806,8.934292931,0.0029330765359999998,-1870.1750835954804
807,8.934292931,0.0033843190799999995,-1791.4663607684477
808,8.934292931,0.0038355616239999996,-1716.8039075358101
809,8.934292931,0.004286804168,-1645.9515610952362
810,8.934292931,0.004738046712,-1578.6906555981946
811,8.934292931,0.0051892892559999996,-1514.8184573891444
812,8.934292931,0.0056405318,-1454.1467535901465
813,8.934292931,0.006091774344,-1396.500583050237
814,8.934292931,0.0065430168879999995,-1341.7170958324725
815,8.934292931,0.006994259432,-1289.644527492684
816,8.934292931,0.007445501976,-1240.1412754506043
817,8.934292931,0.007896744519999999,-1193.0750660495728
818,8.934292931,0.008347987064,-1148.3222022162417
819,8.934292931,0.008799229607999998,-1105.766882780731
820,8.934292931,0.009250472151999999,-1065.300585665319
821,8.934292931,0.009701714695999999,-1026.8215080649456
822,8.934292931,0.010152957239999998,-990.2340574944419
823,8.934292931,0.010604199783999999,-955.4483884771082
824,8.934292931,0.011055442327999999,-922.3799800690774
825,8.934292931,0.011506684871999998,-890.9492501381069
826,8.934292931,0.011957927415999998,-861.081202668336
827,8.934292931,0.012409169959999999,-832.7051048551592
828,8.934292931,0.012860412503999998,-805.7541910717578
829,8.934292931,0.013311655047999998,-780.1653911516928
830,8.934292931,0.013762897591999999,-755.8790806650361
831,8.934292931,0.014214140135999998,-732.8388511366118
832,8.934292931,0.014665382679999998,-710.9912983984182
833,8.934292931,0.015116625223999999,-690.285827401358
834,8.934292931,0.015567867767999998,-670.6744719950464
835,8.934292931,0.016019110312,-652.1117284124132
836,8.934292931,0.016470352856,-634.5544011986387
837,8.934292931,0.0169215954,-617.9614605234165
838,8.934292931,0.017372837944,-602.2939099686878
839,8.934292931,0.017824080488,-587.5146638059589
840,8.934292931,0.018275323032,-573.5884330616852
841,8.934292931,0.018726565576,-560.4816195912633
842,8.934292931,0.01917780812,-548.1622175750391
843,8.934292931,0.019629050664,-536.5997217489203
844,8.934292931,0.020080293207999998,-525.7650419275627
845,8.934292931,0.020531535752,-515.6304232710219
846,8.934292931,0.020982778296,-506.1693718591683
847,8.934292931,0.021434020839999998,-497.3565851757549
848,8.934292931,0.021885263384,-489.1678871312751
849,8.934292931,0.022336505928,-481.5801672630268
850,8.934292931,0.022787748471999998,-474.5713238320724
851,8.934292931,0.023238991016,-468.12021049618187
852,8.934292931,0.02369023356,-462.2065863284967
853,8.934292931,0.024141476103999998,-456.81106893265417
854,8.934292931,0.024592718648,-451.9150904048313
855,8.934292931,0.025043961192,-447.50085600204324
856,8.934292931,0.025495203735999998,-443.5513052665968
857,8.934292931,0.02594644628,-440.0500754641486
858,8.934292931,0.026397688824,-436.9814671808401
859,8.934292931,0.026848931367999998,-434.33041193153605
860,8.934292931,0.027300173912,-432.0824416163797
861,8.934292931,0.027751416456,-430.22365975320196
862,8.934292931,0.028202658999999998,-428.74071432161446
863,8.934292931,0.028653901544,-427.6207721309238
864,8.934292931,0.029105144088,-426.85149462807885
865,8.934292931,0.029556386631999998,-426.4210150256155
866,8.934292931,0.030007629176,-426.3179166861922
867,8.934292931,0.03045887172,-426.5312126738028
868,8.934292931,0.030910114263999998,-427.0503264048739
869,8.934292931,0.031361356808,-427.8650733261288
870,8.934292931,0.031812599351999996,-428.9656435612438
871,8.934292931,0.032263841896,-430.3425854616849
872,8.934292931,0.03271508444,-431.9867900101805
873,8.934292931,0.033166326983999996,-433.8894760303379
874,8.934292931,0.033617569528,-436.0421761422975
875,8.934292931,0.034068812072,-438.4367234334876
876,8.934292931,0.034520054615999995,-441.0652387940889
877,8.934292931,0.03497129716,-443.92011888653724
878,8.934292931,0.035422539704,-446.9940246980392
879,8.934292931,0.035873782247999995,-449.9724639339662
880,8.934292931,0.036325024792,-452.5769317478653
881,8.934292931,0.036776267336,-455.56802112026736
882,8.934292931,0.037227509879999995,-458.9272830174467
883,8.934292931,0.037678752424,-462.63728273911045
884,8.934292931,0.038129994968,-466.68153056652824
885,8.934292931,0.038581237511999995,-471.04441824567954
886,8.934292931,0.039032480056,-475.7111606646575
887,8.934292931,0.0394837226,-480.66774222561804
888,8.934292931,0.039934965143999995,-485.9008674610283
889,8.934292931,0.040386207688,-491.39791549829437
890,8.934292931,0.040837450232,-497.1468980182766
891,8.934292931,0.041288692775999995,-503.13642038016377
892,8.934292931,0.04173993532,-509.35564564962567
893,8.934292931,0.042191177864,-515.794261251979
894,8.934292931,0.042642420407999995,-522.4424480418043
895,8.934292931,0.043093662952,-529.2908515704022
896,8.934292931,0.043544905496,-536.3305553725388
897,8.934292931,0.043996148039999995,-543.553056109713
898,8.934292931,0.044447390584,-550.9502404010798
899,8.934292931,0.044898633128,-558.5143632308174
900,9.985386217,0.000225621272,-2442.347139012722
901,9.985386217,0.000676863816,-2331.8056214073877
902,9.985386217,0.00112810636,-2227.1121888981606
903,9.985386217,0.001579348904,-2127.98701394226
904,9.985386217,0.002030591448,-2034.0971182650164
905,9.985386217,0.0024818339919999996,-1945.125466509802
906,9.985386217,0.0029330765359999998,-1860.777130841079
907,9.985386217,0.0033843190799999995,-1780.7789165044467
908,9.985386217,0.0038355616239999996,-1704.8778542123437
909,9.985386217,0.004286804168,-1632.8395308890017
910,9.985386217,0.004738046712,-1564.4464899802863
911,9.985386217,0.0051892892559999996,-1499.4967591290583
912,9.985386217,0.0056405318,-1437.8025138881567
913,9.985386217,0.006091774344,-1379.1888709226357
914,9.985386217,0.0065430168879999995,-1323.4927996945814
915,9.985386217,0.006994259432,-1270.562140796596
916,9.985386217,0.007445501976,-1220.2547196141488
917,9.985386217,0.007896744519999999,-1172.4375451229353
918,9.985386217,0.008347987064,-1126.986084500215
919,9.985386217,0.008799229607999998,-1083.7836054634397
920,9.985386217,0.009250472151999999,-1042.7205790302717
921,9.985386217,0.009701714695999999,-1003.6941363669343
922,9.985386217,0.010152957239999998,-966.6075740849951
923,9.985386217,0.010604199783999999,-931.3699029971842
924,9.985386217,0.011055442327999999,-897.89543592909
925,9.985386217,0.011506684871999998,-866.1034106804229
926,9.985386217,0.011957927415999998,-835.9176447227995
927,9.985386217,0.012409169959999999,-807.2662184721522
928,9.985386217,0.012860412503999998,-780.0811845267385
929,9.985386217,0.013311655047999998,-754.2983002404615
930,9.985386217,0.013762897591999999,-729.856781649386
931,9.985386217,0.014214140135999998,-706.6990767047087
932,9.985386217,0.014665382679999998,-684.7706560412242
933,9.985386217,0.015116625223999999,-664.0198197242481
934,9.985386217,0.015567867767999998,-644.3975186782551
935,9.985386217,0.016019110312,-625.8571893278511
936,9.985386217,0.016470352856,-608.3546004622121
937,9.985386217,0.0169215954,-591.8477112472308
938,9.985386217,0.017372837944,-576.2965394397839
939,9.985386217,0.017824080488,-561.6630389392849
940,9.985386217,0.018275323032,-547.9109859503819
941,9.985386217,0.018726565576,-535.0058730776414
942,9.985386217,0.01917780812,-522.9148106387806
943,9.985386217,0.019629050664,-511.6064347049654
944,9.985386217,0.020080293207999998,-501.05082130738896
945,9.985386217,0.020531535752,-491.21940632848674
946,9.985386217,0.020982778296,-482.0849106514232
947,9.985386217,0.021434020839999998,-473.6212702095361
948,9.985386217,0.021885263384,-465.8035704883001
949,9.985386217,0.022336505928,-458.60798518815847
950,9.985386217,0.022787748471999998,-452.0117188201264
951,9.985386217,0.023238991016,-445.9929527927998
952,9.985386217,0.02369023356,-440.53079486593623
953,9.985386217,0.024141476103999998,-435.6052317071807
954,9.985386217,0.024592718648,-431.197084283057
955,9.985386217,0.025043961192,-427.28796592812705
956,9.985386217,0.025495203735999998,-423.8602429491222
957,9.985386217,0.02594644628,-420.8969974526846
958,9.985386217,0.026397688824,-418.38199243249346
959,9.985386217,0.026848931367999998,-416.29963879270946
960,9.985386217,0.027300173912,-414.6349643039215
961,9.985386217,0.027751416456,-413.37358429042894
962,9.985386217,0.028202658999999998,-412.50167396759934
963,9.985386217,0.028653901544,-412.00594231434064
964,9.985386217,0.029105144088,-411.8736073893779
965,9.985386217,0.029556386631999998,-412.09237298898523
966,9.985386217,0.030007629176,-412.65040656857275
967,9.985386217,0.03045887172,-413.53631834652566
968,9.985386217,0.030910114263999998,-414.73914152252325
969,9.985386217,0.031361356808,-416.24831353295775
970,9.985386217,0.031812599351999996,-418.0536582931409
971,9.985386217,0.032263841896,-420.14536934886223
972,9.985386217,0.03271508444,-422.51399390432283
973,9.985386217,0.033166326983999996,-425.15041764992236
974,9.985386217,0.033617569528,-428.045850382146
975,9.985386217,0.034068812072,-431.1918123037397
976,9.985386217,0.034520054615999995,-434.5801210487754
977,9.985386217,0.03497129716,-438.20287931571795
978,9.985386217,0.035422539704,-442.0524631132243
979,9.985386217,0.035873782247999995,-446.1215105958292
980,9.985386217,0.036325024792,-450.40291139472475
981,9.985386217,0.036776267336,-454.8897965133522
982,9.985386217,0.037227509879999995,-459.5755286446901
983,9.985386217,0.037678752424,-464.4536929861633
984,9.985386217,0.038129994968,-469.51808847514127
985,9.985386217,0.038581237511999995,-474.7627194095198
986,9.985386217,0.039032480056,-480.1817874684482
987,9.985386217,0.0394837226,-485.76968411872053
988,9.985386217,0.039934965143999995,-491.5209833066625
989,9.985386217,0.040386207688,-497.42304797428966
990,9.985386217,0.040837450232,-503.6250672808842
991,9.985386217,0.041288692775999995,-510.113912650706
992,9.985386217,0.04173993532,-516.8760341195364
993,9.985386217,0.042191177864,-523.8985819986935
994,9.985386217,0.042642420407999995,-531.1693596014406
995,9.985386217,0.043093662952,-538.6767821730558
996,9.985386217,0.043544905496,-546.4098393050378
997,9.985386217,0.043996148039999995,-554.3580602286424
998,9.985386217,0.044447390584,-562.5114816680516
999,9.985386217,0.044898633128,-570.8606180131496
1000,11.036479503,0.000225621272,-2441.671015580313
1001,11.036479503,0.000676863816,-2329.9282151669368
1002,11.036479503,0.00112810636,-2224.0324473614955
1003,11.036479503,0.001579348904,-2123.7234988374576
1004,11.036479503,0.002030591448,-2028.6767393316873
1005,11.036479503,0.0024818339919999996,-1938.580396424285
1006,11.036479503,0.0029330765359999998,-1853.1433706107564
1007,11.036479503,0.0033843190799999995,-1772.0953674172918
1008,11.036479503,0.0038355616239999996,-1695.1856226171678
1009,11.036479503,0.004286804168,-1622.181373201347
1010,11.036479503,0.004738046712,-1552.8663567019328
1011,11.036479503,0.0051892892559999996,-1487.0394151911455
1012,11.036479503,0.0056405318,-1424.5132204974432
1013,11.036479503,0.006091774344,-1365.113118285151
1014,11.036479503,0.0065430168879999995,-1308.6760824672251
1015,11.036479503,0.006994259432,-1255.0497697923488
1016,11.036479503,0.007445501976,-1204.0916642007403
1017,11.036479503,0.007896744519999999,-1155.6683020715102
1018,11.036479503,0.008347987064,-1109.6545692769628
1019,11.036479503,0.008799229607999998,-1065.9330629795645
1020,11.036479503,0.009250472151999999,-1024.3935109324595
1021,11.036479503,0.009701714695999999,-984.9322426196069
1022,11.036479503,0.010152957239999998,-947.4517068008531
1023,11.036479503,0.010604199783999999,-911.8600308508443
1024,11.036479503,0.011055442327999999,-878.0706175119508
1025,11.036479503,0.011506684871999998,-846.0017756592367
1026,11.036479503,0.011957927415999998,-815.576381586425
1027,11.036479503,0.012409169959999999,-786.7215678904013
1028,11.036479503,0.012860412503999998,-759.368437645898
1029,11.036479503,0.013311655047999998,-733.4518008875702
1030,11.036479503,0.013762897591999999,-708.9099320848013
1031,11.036479503,0.014214140135999998,-685.6843462861283
1032,11.036479503,0.014665382679999998,-663.7195922860974
1033,11.036479503,0.015116625223999999,-642.963061297155
1034,11.036479503,0.015567867767999998,-623.3648102344716
1035,11.036479503,0.016019110312,-604.8773975021247
1036,11.036479503,0.016470352856,-587.4557310130867
1037,11.036479503,0.0169215954,-571.0569270487026
1038,11.036479503,0.017372837944,-555.6401791301744
1039,11.036479503,0.017824080488,-541.1666359651754
1040,11.036479503,0.018275323032,-527.599287998816
1041,11.036479503,0.018726565576,-514.9028616713847
1042,11.036479503,0.01917780812,-503.0437208277188
1043,11.036479503,0.019629050664,-491.9897747034317
1044,11.036479503,0.020080293207999998,-481.71039212938433
1045,11.036479503,0.020531535752,-472.1763211567588
1046,11.036479503,0.020982778296,-463.35961404138953
1047,11.036479503,0.021434020839999998,-455.2335570623366
1048,11.036479503,0.021885263384,-447.772604667497
1049,11.036479503,0.022336505928,-440.952317810476
1050,11.036479503,0.022787748471999998,-434.74930624232115
1051,11.036479503,0.023238991016,-429.141174150598
1052,11.036479503,0.02369023356,-424.106469253337
1053,11.036479503,0.024141476103999998,-419.62463495337886
1054,11.036479503,0.024592718648,-415.6759652965197
1055,11.036479503,0.025043961192,-412.2415626046242
1056,11.036479503,0.025495203735999998,-409.30329772683524
1057,11.036479503,0.02594644628,-406.843772345796
1058,11.036479503,0.026397688824,-404.84628374021423
1059,11.036479503,0.026848931367999998,-403.29479131015233
1060,11.036479503,0.027300173912,-402.1738851632931
1061,11.036479503,0.027751416456,-401.46875638573414
1062,11.036479503,0.028202658999999998,-401.1651689654675
1063,11.036479503,0.028653901544,-401.2494332772947
1064,11.036479503,0.029105144088,-401.70838101401966
1065,11.036479503,0.029556386631999998,-402.5293414588318
1066,11.036479503,0.030007629176,-403.70011904138704
1067,11.036479503,0.03045887172,-405.2089720741581
1068,11.036479503,0.030910114263999998,-407.0445926301432
1069,11.036479503,0.031361356808,-409.1960874341598
1070,11.036479503,0.031812599351999996,-411.65295980136165
1071,11.036479503,0.032263841896,-414.4050924411555
1072,11.036479503,0.03271508444,-417.4427311732641
1073,11.036479503,0.033166326983999996,-420.7564694508713
1074,11.036479503,0.033617569528,-424.3372337188118
1075,11.036479503,0.034068812072,-428.1762693505661
1076,11.036479503,0.034520054615999995,-432.26512747863103
1077,11.036479503,0.03497129716,-436.59565231419657
1078,11.036479503,0.035422539704,-441.15996911432745
1079,11.036479503,0.035873782247999995,-445.9504728312451
1080,11.036479503,0.036325024792,-450.9598171365
1081,11.036479503,0.036776267336,-456.1809041083705
1082,11.036479503,0.037227509879999995,-461.60687433044757
1083,11.036479503,0.037678752424,-467.2310974385378
1084,11.036479503,0.038129994968,-473.04716322815483
1085,11.036479503,0.038581237511999995,-479.0488730045209
1086,11.036479503,0.039032480056,-485.23023138417716
1087,11.036479503,0.0394837226,-491.58543861663344
1088,11.036479503,0.039934965143999995,-498.1088829485215
1089,11.036479503,0.040386207688,-504.7951336900019
1090,11.036479503,0.040837450232,-511.63893420466036
1091,11.036479503,0.041288692775999995,-518.6351956710257
1092,11.036479503,0.04173993532,-525.7789905106793
1093,11.036479503,0.042191177864,-533.0655467805493
1094,11.036479503,0.042642420407999995,-540.4902422582095
1095,11.036479503,0.043093662952,-548.0485990710806
1096,11.036479503,0.043544905496,-555.7362784999492
1097,11.036479503,0.043996148039999995,-563.5490758479073
1098,11.036479503,0.044447390584,-572.0011161505455
1099,11.036479503,0.044898633128,-580.9240389507677
1100,12.087572789,0.000225621272,-2441.100320598435
1101,12.087572789,0.000676863816,-2328.3692417554926
1102,12.087572789,0.00112810636,-2221.4808673233497
1103,12.087572789,0.001579348904,-2120.192704734837
1104,12.087572789,0.002030591448,-2024.1878186599263
1105,12.087572789,0.0024818339919999996,-1933.1591825308637
1106,12.087572789,0.0029330765359999998,-1846.8191283188405
1107,12.087572789,0.0033843190799999995,-1764.8999738469545
1108,12.087572789,0.0038355616239999996,-1687.1529658761142
1109,12.087572789,0.004286804168,-1613.346876458535
1110,12.087572789,0.004738046712,-1543.2665879093774
1111,12.087572789,0.0051892892559999996,-1476.7117614241017
1112,12.087572789,0.0056405318,-1413.4956138652324
1113,12.087572789,0.006091774344,-1353.4438043118466
1114,12.087572789,0.0065430168879999995,-1296.3934240918506
1115,12.087572789,0.006994259432,-1242.1920815485817
1116,12.087572789,0.007445501976,-1190.6970722183457
1117,12.087572789,0.007896744519999999,-1141.7746261907616
1118,12.087572789,0.008347987064,-1095.299224232593
1119,12.087572789,0.008799229607999998,-1051.1529759918278
1120,12.087572789,0.009250472151999999,-1009.225053511858
1121,12.087572789,0.009701714695999999,-969.4111746179365
1122,12.087572789,0.010152957239999998,-931.6131310857238
1123,12.087572789,0.010604199783999999,-895.7383571352464
1124,12.087572789,0.011055442327999999,-861.6995341257111
1125,12.087572789,0.011506684871999998,-829.4142281590525
1126,12.087572789,0.011957927415999998,-798.8045572774488
1127,12.087572789,0.012409169959999999,-769.7968854553365
1128,12.087572789,0.012860412503999998,-742.3215411100517
1129,12.087572789,0.013311655047999998,-716.312557391876
1130,12.087572789,0.013762897591999999,-691.7074328476783
1131,12.087572789,0.014214140135999998,-668.4469102970934
1132,12.087572789,0.014665382679999998,-646.4747723412786
1133,12.087572789,0.015116625223999999,-625.7376520105058
1134,12.087572789,0.015567867767999998,-606.1848576559963
1135,12.087572789,0.016019110312,-587.7682101602547
1136,12.087572789,0.016470352856,-570.4418920615183
1137,12.087572789,0.0169215954,-554.1623073439669
1138,12.087572789,0.017372837944,-538.8879510385924
1139,12.087572789,0.017824080488,-524.5792877720666
1140,12.087572789,0.018275323032,-511.19863874585906
1141,12.087572789,0.018726565576,-498.7100763198947
1142,12.087572789,0.01917780812,-487.0793256332652
1143,12.087572789,0.019629050664,-476.27367273719426
1144,12.087572789,0.020080293207999998,-466.2618788204383
1145,12.087572789,0.020531535752,-457.0140998515162
1146,12.087572789,0.020982778296,-448.5018114724267
1147,12.087572789,0.021434020839999998,-440.69773868912415
1148,12.087572789,0.021885263384,-433.5757898735213
1149,12.087572789,0.022336505928,-427.1109948950281
1150,12.087572789,0.022787748471999998,-421.27944717027987
1151,12.087572789,0.023238991016,-416.05824907331936
1152,12.087572789,0.02369023356,-411.4254607559147
1153,12.087572789,0.024141476103999998,-407.36005200045895
1154,12.087572789,0.024592718648,-403.8418568983567
1155,12.087572789,0.025043961192,-400.8515311764138
1156,12.087572789,0.025495203735999998,-398.37051210987215
1157,12.087572789,0.02594644628,-396.38098054206586
1158,12.087572789,0.026397688824,-394.8658252945083
1159,12.087572789,0.026848931367999998,-393.8086093958397
1160,12.087572789,0.027300173912,-393.19353832982847
1161,12.087572789,0.027751416456,-393.0054299869059
1162,12.087572789,0.028202658999999998,-393.2296862748724
1163,12.087572789,0.028653901544,-393.8522662867783
1164,12.087572789,0.029105144088,-394.8596609189061
1165,12.087572789,0.029556386631999998,-396.23886883993123
1166,12.087572789,0.030007629176,-397.97737374750665
1167,12.087572789,0.03045887172,-400.0631228041199
1168,12.087572789,0.030910114263999998,-402.4845062415217
1169,12.087572789,0.031361356808,-405.23033794876204
1170,12.087572789,0.031812599351999996,-408.2898371551891
1171,12.087572789,0.032263841896,-411.652610954081
1172,12.087572789,0.03271508444,-415.3086377577413
1173,12.087572789,0.033166326983999996,-419.2482515757335
1174,12.087572789,0.033617569528,-423.46212711225616
1175,12.087572789,0.034068812072,-427.94126547118816
1176,12.087572789,0.034520054615999995,-432.67698075045774
1177,12.087572789,0.03497129716,-437.66088713034327
1178,12.087572789,0.035422539704,-442.88488663210927
1179,12.087572789,0.035873782247999995,-448.3411575397481
1180,12.087572789,0.036325024792,-454.022143219703
1181,12.087572789,0.036776267336,-459.9205416212861
1182,12.087572789,0.037227509879999995,-466.02929516300196
1183,12.087572789,0.037678752424,-472.3415811014998
1184,12.087572789,0.038129994968,-478.8508024553534
1185,12.087572789,0.038581237511999995,-485.55057917057235
1186,12.087572789,0.039032480056,-492.4347397697812
1187,12.087572789,0.0394837226,-499.4973134959187
1188,12.087572789,0.039934965143999995,-506.7325225121803
1189,12.087572789,0.040386207688,-514.1347748241416
1190,12.087572789,0.040837450232,-521.6986571242251
1191,12.087572789,0.041288692775999995,-529.4189283881717
1192,12.087572789,0.04173993532,-537.2905131902883
1193,12.087572789,0.042191177864,-545.3084959410836
1194,12.087572789,0.042642420407999995,-553.468114855177
1195,12.087572789,0.043093662952,-561.764756445365
1196,12.087572789,0.043544905496,-570.1939501963186
1197,12.087572789,0.043996148039999995,-578.7513633516473
1198,12.087572789,0.044447390584,-587.432796187944
1199,12.087572789,0.044898633128,-596.234177223261
1200,13.138666075,0.000225621272,-2440.609666584549
1201,13.138666075,0.000676863816,-2327.052097628934
1202,13.138666075,0.00112810636,-2219.331004111058
1203,13.138666075,0.001579348904,-2117.2197355716607
1204,13.138666075,0.002030591448,-2020.4085196372992
1205,13.138666075,0.0024818339919999996,-1928.5946565254558
1206,13.138666075,0.0029330765359999998,-1841.4935799575917
1207,13.138666075,0.0033843190799999995,-1758.8399721901865
1208,13.138666075,0.0038355616239999996,-1680.3869149098034
1209,13.138666075,0.004286804168,-1605.9046005304133
1210,13.138666075,0.004738046712,-1535.1789931287371
1211,13.138666075,0.0051892892559999996,-1468.010553100662
1212,13.138666075,0.0056405318,-1404.2130581000538
1213,13.138666075,0.006091774344,-1343.6125256842174
1214,13.138666075,0.0065430168879999995,-1286.0462335256464
1215,13.138666075,0.006994259432,-1231.3618297467567
1216,13.138666075,0.007445501976,-1179.4165250251208
1217,13.138666075,0.007896744519999999,-1130.0763587272986
1218,13.138666075,0.008347987064,-1083.2155313348917
1219,13.138666075,0.008799229607999998,-1038.7157966897587
1220,13.138666075,0.009250472151999999,-996.4659077330634
1221,13.138666075,0.009701714695999999,-956.3611105200101
1222,13.138666075,0.010152957239999998,-918.3026815785176
1223,13.138666075,0.010604199783999999,-882.1975044308862
1224,13.138666075,0.011055442327999999,-847.9576812718676
1225,13.138666075,0.011506684871999998,-815.5001766353714
1226,13.138666075,0.011957927415999998,-784.7464898456035
1227,13.138666075,0.012409169959999999,-755.6223536079224
1228,13.138666075,0.012860412503999998,-728.0574564319555
1229,13.138666075,0.013311655047999998,-701.9851864263862
1230,13.138666075,0.013762897591999999,-677.3423948684094
1231,13.138666075,0.014214140135999998,-654.069177646836
1232,13.138666075,0.014665382679999998,-632.1086729591125
1233,13.138666075,0.015116625223999999,-611.406873875381
1234,13.138666075,0.015567867767999998,-591.9124547481508
1235,13.138666075,0.016019110312,-573.5766098519143
1236,13.138666075,0.016470352856,-556.3529036060006
1237,13.138666075,0.0169215954,-540.1971313258011
1238,13.138666075,0.017372837944,-525.0671896007846
1239,13.138666075,0.017824080488,-510.9229555047962
1240,13.138666075,0.018275323032,-497.7261740562349
1241,13.138666075,0.018726565576,-485.4403532328685
1242,13.138666075,0.01917780812,-474.0306658740245
1243,13.138666075,0.019629050664,-463.46385805536687
1244,13.138666075,0.020080293207999998,-453.7081634282802
1245,13.138666075,0.020531535752,-444.73322297896317
1246,13.138666075,0.020982778296,-436.5100099343552
1247,13.138666075,0.021434020839999998,-429.01075941532514
1248,13.138666075,0.021885263384,-422.20890239216675
1249,13.138666075,0.022336505928,-416.0790037250308
1250,13.138666075,0.022787748471999998,-410.59670404988304
1251,13.138666075,0.023238991016,-405.7386650692844
1252,13.138666075,0.02369023356,-401.48251817835825
1253,13.138666075,0.024141476103999998,-397.80681612224913
1254,13.138666075,0.024592718648,-394.6909874688891
1255,13.138666075,0.025043961192,-392.1152937261899
1256,13.138666075,0.025495203735999998,-390.0607889850216
1257,13.138666075,0.02594644628,-388.50928175410957
1258,13.138666075,0.026397688824,-387.44329907415744
1259,13.138666075,0.026848931367999998,-386.84605253764465
1260,13.138666075,0.027300173912,-386.70140626250225
1261,13.138666075,0.027751416456,-386.9938465998136
1262,13.138666075,0.028202658999999998,-387.70845349357654
1263,13.138666075,0.028653901544,-388.83087339705116
1264,13.138666075,0.029105144088,-390.3472936369963
1265,13.138666075,0.029556386631999998,-392.2444181407515
1266,13.138666075,0.030007629176,-394.5094444437372
1267,13.138666075,0.03045887172,-397.1300418886539
1268,13.138666075,0.030910114263999998,-400.0943309895037
1269,13.138666075,0.031361356808,-403.3908637879443
1270,13.138666075,0.031812599351999996,-407.0086053076101
1271,13.138666075,0.032263841896,-410.9369158547458
1272,13.138666075,0.03271508444,-415.1655342539663
1273,13.138666075,0.033166326983999996,-419.684561911554
1274,13.138666075,0.033617569528,-424.4844477014307
1275,13.138666075,0.034068812072,-429.5559734778585
1276,13.138666075,0.034520054615999995,-434.890240456949
1277,13.138666075,0.03497129716,-440.4786561207776
1278,13.138666075,0.035422539704,-446.31292178780205
1279,13.138666075,0.035873782247999995,-452.3850208420567
1280,13.138666075,0.036325024792,-458.68720739731197
1281,13.138666075,0.036776267336,-465.2119955940098
1282,13.138666075,0.037227509879999995,-471.952149347557
1283,13.138666075,0.037678752424,-478.9006725465263
1284,13.138666075,0.038129994968,-486.05079979581404
1285,13.138666075,0.038581237511999995,-493.3959874684428
1286,13.138666075,0.039032480056,-500.9299051826204
1287,13.138666075,0.0394837226,-508.6464277901637
1288,13.138666075,0.039934965143999995,-516.5396274809186
1289,13.138666075,0.040386207688,-524.6037665171015
1290,13.138666075,0.040837450232,-532.8332899980004
1291,13.138666075,0.041288692775999995,-541.2228192766787
1292,13.138666075,0.04173993532,-549.7671452137713
1293,13.138666075,0.042191177864,-558.4612222410542
1294,13.138666075,0.042642420407999995,-567.3001622472938
1295,13.138666075,0.043093662952,-576.2792289545429
1296,13.138666075,0.043544905496,-585.3938324812912
1297,13.138666075,0.043996148039999995,-594.6395240473942
1298,13.138666075,0.044447390584,-604.0119910849097
1299,13.138666075,0.044898633128,-613.5070524195073
1300,14.189759361,0.000225621272,-2440.181255455994
1301,14.189759361,0.000676863816,-2325.922839641587
1302,14.189759361,0.00112810636,-2217.493715926959
1303,14.189759361,0.001579348904,-2114.6811939687527
1304,14.189759361,0.002030591448,-2017.1822200282056
1305,14.189759361,0.0024818339919999996,-1924.6980780284093
1306,14.189759361,0.0029330765359999998,-1836.9470287969423
1307,14.189759361,0.0033843190799999995,-1753.665907126211
1308,14.189759361,0.0038355616239999996,-1674.6094735240745
1309,14.189759361,0.004286804168,-1599.5492329585989
1310,14.189759361,0.004738046712,-1528.272164621986
1311,14.189759361,0.0051892892559999996,-1460.5794961951394
1312,14.189759361,0.0056405318,-1396.2855632876478
1313,14.189759361,0.006091774344,-1335.2167633120646
1314,14.189759361,0.0065430168879999995,-1277.2106016493346
1315,14.189759361,0.006994259432,-1222.1148239260488
1316,14.189759361,0.007445501976,-1169.7866269886795
1317,14.189759361,0.007896744519999999,-1120.091941154812
1318,14.189759361,0.008347987064,-1072.9047767170775
1319,14.189759361,0.008799229607999998,-1028.1066282892539
1320,14.189759361,0.009250472151999999,-985.585931191508
1321,14.189759361,0.009701714695999999,-945.2375646779195
1322,14.189759361,0.010152957239999998,-906.9623973776346
1323,14.189759361,0.010604199783999999,-870.6668708031868
1324,14.189759361,0.011055442327999999,-836.2626172580635
1325,14.189759361,0.011506684871999998,-803.6661088324568
1326,14.189759361,0.011957927415999998,-772.79833457121
1327,14.189759361,0.012409169959999999,-743.5845031903474
1328,14.189759361,0.012860412503999998,-715.9537690065174
1329,14.189759361,0.013311655047999998,-689.8389789448966
1330,14.189759361,0.013762897591999999,-665.1764387852401
1331,14.189759361,0.014214140135999998,-641.9056969329015
1332,14.189759361,0.014665382679999998,-619.9693441812435
1333,14.189759361,0.015116625223999999,-599.3128280997478
1334,14.189759361,0.015567867767999998,-579.8842808396078
1335,14.189759361,0.016019110312,-561.634359179026
1336,14.189759361,0.016470352856,-544.5160958417034
1337,14.189759361,0.0169215954,-528.4847611629398
1338,14.189759361,0.017372837944,-513.4977342572129
1339,14.189759361,0.017824080488,-499.5143829400906
1340,14.189759361,0.018275323032,-486.49595171070035
1341,14.189759361,0.018726565576,-474.4054571912338
1342,14.189759361,0.01917780812,-463.20759041678406
1343,14.189759361,0.019629050664,-452.86862548271574
1344,14.189759361,0.020080293207999998,-443.3563340585765
1345,14.189759361,0.020531535752,-434.6399053433517
1346,14.189759361,0.020982778296,-426.68987105224534
1347,14.189759361,0.021434020839999998,-419.478035085313
1348,14.189759361,0.021885263384,-412.9774075203516
1349,14.189759361,0.022336505928,-407.16214263647964
1350,14.189759361,0.022787748471999998,-402.00748069600485
1351,14.189759361,0.023238991016,-397.4896931949185
1352,14.189759361,0.02369023356,-393.58603135974266
1353,14.189759361,0.024141476103999998,-390.2746776809724
1354,14.189759361,0.024592718648,-387.53470024624045
1355,14.189759361,0.025043961192,-385.3460097166314
1356,14.189759361,0.025495203735999998,-383.68931875880867
1357,14.189759361,0.02594644628,-382.5461037617335
1358,14.189759361,0.026397688824,-381.89856871003684
1359,14.189759361,0.026848931367999998,-381.7296110589061
1360,14.189759361,0.027300173912,-382.0227894881161
1361,14.189759361,0.027751416456,-382.76229341950665
1362,14.189759361,0.028202658999999998,-383.93291417886434
1363,14.189759361,0.028653901544,-385.5200177099284
1364,14.189759361,0.029105144088,-387.50951873910884
1365,14.189759361,0.029556386631999998,-389.88785629759104
1366,14.189759361,0.030007629176,-392.64197053573275
1367,14.189759361,0.03045887172,-395.75928072596673
1368,14.189759361,0.030910114263999998,-399.2276644123674
1369,14.189759361,0.031361356808,-403.03543761156186
1370,14.189759361,0.031812599351999996,-407.171336027601
1371,14.189759361,0.032263841896,-411.62449720653586
1372,14.189759361,0.03271508444,-416.3844435681603
1373,14.189759361,0.033166326983999996,-421.4410663077069
1374,14.189759361,0.033617569528,-426.7846100535137
1375,14.189759361,0.034068812072,-432.4056582916279
1376,14.189759361,0.034520054615999995,-438.29511949258284
1377,14.189759361,0.03497129716,-444.444213898943
1378,14.189759361,0.035422539704,-450.8444609435442
1379,14.189759361,0.035873782247999995,-457.4876672724951
1380,14.189759361,0.036325024792,-464.36591530039016
1381,14.189759361,0.036776267336,-471.471552345083
1382,14.189759361,0.037227509879999995,-478.79718021542277
1383,14.189759361,0.037678752424,-486.3356453177853
1384,14.189759361,0.038129994968,-494.08002918209604
1385,14.189759361,0.038581237511999995,-502.02363944198663
1386,14.189759361,0.039032480056,-510.16000119941043
1387,14.189759361,0.0394837226,-518.4828487855556
1388,14.189759361,0.039934965143999995,-526.9861178922977
1389,14.189759361,0.040386207688,-535.6639380284348
1390,14.189759361,0.040837450232,-544.5106253309361
1391,14.189759361,0.041288692775999995,-553.5206756891694
1392,14.189759361,0.04173993532,-562.6887581079088
1393,14.189759361,0.042191177864,-572.0097084448478
1394,14.189759361,0.042642420407999995,-581.4785233594998
1395,14.189759361,0.043093662952,-591.0903545189949
1396,14.189759361,0.043544905496,-600.8405030531537
1397,14.189759361,0.043996148039999995,-610.7244142453571
1398,14.189759361,0.044447390584,-620.7376724752371
1399,14.189759361,0.044898633128,-630.8759962730619
1400,15.240852646999999,0.000225621272,-2439.8022529567124
1401,15.240852646999999,0.000676863816,-2324.9423904254127
1402,15.240852646999999,0.00112810636,-2215.904356242028
1403,15.240852646999999,0.001579348904,-2112.4875276632533
1404,15.240852646999999,0.002030591448,-2014.3951887982441
1405,15.240852646999999,0.0024818339919999996,-1921.3323231396944
1406,15.240852646999999,0.0029330765359999998,-1833.0197886171884
1407,15.240852646999999,0.0033843190799999995,-1749.1963915416525
1408,15.240852646999999,0.0038355616239999996,-1669.6184342310976
1409,15.240852646999999,0.004286804168,-1594.0586357080763
1410,15.240852646999999,0.004738046712,-1522.3049249350925
1411,15.240852646999999,0.0051892892559999996,-1454.1592598113489
1412,15.240852646999999,0.0056405318,-1389.4365207565822
1413,15.240852646999999,0.006091774344,-1327.9634919710127
1414,15.240852646999999,0.0065430168879999995,-1269.5779302671103
1415,15.240852646999999,0.006994259432,-1214.127716456806
1416,15.240852646999999,0.007445501976,-1161.4700826668045
1417,15.240852646999999,0.007896744519999999,-1111.4709086455189
1418,15.240852646999999,0.008347987064,-1064.0040804768196
1419,15.240852646999999,0.008799229607999998,-1018.9509055239198
1420,15.240852646999999,0.009250472151999999,-976.1995780711197
1421,15.240852646999999,0.009701714695999999,-935.6446906578524
1422,15.240852646999999,0.010152957239999998,-897.1867865999159
1423,15.240852646999999,0.010604199783999999,-860.7319497227963
1424,15.240852646999999,0.011055442327999999,-826.1914277201583
1425,15.240852646999999,0.011506684871999998,-793.4812859353108
1426,15.240852646999999,0.011957927415999998,-762.5220887344201
1427,15.240852646999999,0.012409169959999999,-733.2386059118039
1428,15.240852646999999,0.012860412503999998,-705.5595418421565
1429,15.240852646999999,0.013311655047999998,-679.4172853414678
1430,15.240852646999999,0.013762897591999999,-654.7476783800521
1431,15.240852646999999,0.014214140135999998,-631.489802017165
1432,15.240852646999999,0.014665382679999998,-609.5857780736483
1433,15.240852646999999,0.015116625223999999,-588.9805851552637
1434,15.240852646999999,0.015567867767999998,-569.6218878921238
1435,15.240852646999999,0.016019110312,-551.4598782239975
1436,15.240852646999999,0.016470352856,-534.4471277940527
1437,15.240852646999999,0.0169215954,-518.5384505198838
1438,15.240852646999999,0.017372837944,-503.69077456067265
1439,15.240852646999999,0.017824080488,-489.863022889705
1440,15.240852646999999,0.018275323032,-477.0160018549895
1441,15.240852646999999,0.018726565576,-465.1122970717268
1442,15.240852646999999,0.01917780812,-454.1161761060207
1443,15.240852646999999,0.019629050664,-443.99349742753606
1444,15.240852646999999,0.020080293207999998,-434.7116251792358
1445,15.240852646999999,0.020531535752,-426.2393493171208
1446,15.240852646999999,0.020982778296,-418.54681074121993
1447,15.240852646999999,0.021434020839999998,-411.6054310585849
1448,15.240852646999999,0.021885263384,-405.3878466323304
1449,15.240852646999999,0.022336505928,-399.8678466389229
1450,15.240852646999999,0.022787748471999998,-395.02031482798014
1451,15.240852646999999,0.023238991016,-390.8211747501109
1452,15.240852646999999,0.02369023356,-387.247338201792
1453,15.240852646999999,0.024141476103999998,-384.27665667655265
1454,15.240852646999999,0.024592718648,-381.8878756120302
1455,15.240852646999999,0.025043961192,-380.06059126285487
1456,15.240852646999999,0.025495203735999998,-378.7752100084645
1457,15.240852646999999,0.02594644628,-378.0129099489055
1458,15.240852646999999,0.026397688824,-377.7556046385307
1459,15.240852646999999,0.026848931367999998,-377.9859088170878
1460,15.240852646999999,0.027300173912,-378.6871060161104
1461,15.240852646999999,0.027751416456,-379.84311792156154
1462,15.240852646999999,0.028202658999999998,-381.43847537889934
1463,15.240852646999999,0.028653901544,-383.45829094784415
1464,15.240852646999999,0.029105144088,-385.88823290432794
1465,15.240852646999999,0.029556386631999998,-388.7145006027506
1466,15.240852646999999,0.030007629176,-391.9238011229557
1467,15.240852646999999,0.03045887172,-395.50332711855003
1468,15.240852646999999,0.030910114263999998,-399.4407357958337
1469,15.240852646999999,0.031361356808,-403.7241289620893
1470,15.240852646999999,0.031812599351999996,-408.34203407502326
1471,15.240852646999999,0.032263841896,-413.2833862408979
1472,15.240852646999999,0.03271508444,-418.53751110048916
1473,15.240852646999999,0.033166326983999996,-424.0941085636283
1474,15.240852646999999,0.033617569528,-429.9432373270011
1475,15.240852646999999,0.034068812072,-436.0753001470842
1476,15.240852646999999,0.034520054615999995,-442.4810298230813
1477,15.240852646999999,0.03497129716,-449.15147584458003
1478,15.240852646999999,0.035422539704,-456.0779916699757
1479,15.240852646999999,0.035873782247999995,-463.2522226027793
1480,15.240852646999999,0.036325024792,-470.66609424328914
1481,15.240852646999999,0.036776267336,-478.31180145984723
1482,15.240852646999999,0.037227509879999995,-486.1817978745492
1483,15.240852646999999,0.037678752424,-494.2687858367412
1484,15.240852646999999,0.038129994968,-502.5657068278393
1485,15.240852646999999,0.038581237511999995,-511.06573232581076
1486,15.240852646999999,0.039032480056,-519.7622550708957
1487,15.240852646999999,0.0394837226,-528.648880694487
1488,15.240852646999999,0.039934965143999995,-537.7194197484765
1489,15.240852646999999,0.040386207688,-546.967880066931
1490,15.240852646999999,0.040837450232,-556.3884594780408
1491,15.240852646999999,0.041288692775999995,-565.9755387960975
1492,15.240852646999999,0.04173993532,-575.7236751424462
1493,15.240852646999999,0.042191177864,-585.6275955570475
1494,15.240852646999999,0.042642420407999995,-595.682190849685
1495,15.240852646999999,0.043093662952,-605.882509735227
1496,15.240852646999999,0.043544905496,-616.2237532127912
1497,15.240852646999999,0.043996148039999995,-626.7012691560653
1498,15.240852646999999,0.044447390584,-637.3105471662254
1499,15.240852646999999,0.044898633128,-648.0472135805376
1500,16.291945932999997,0.000225621272,-2439.463179993523
1501,16.291945932999997,0.000676863816,-2324.081753608037
1502,16.291945932999997,0.00112810636,-2214.51490387072
1503,16.291945932999997,0.001579348904,-2110.5721720178753
1504,16.291945932999997,0.002030591448,-2011.9628453132718
1505,16.291945932999997,0.0024818339919999996,-1918.3953685902618
1506,16.291945932999997,0.0029330765359999998,-1829.5930029593897
1507,16.291945932999997,0.0033843190799999995,-1745.2963712572794
1508,16.291945932999997,0.0038355616239999996,-1665.2631978064678
1509,16.291945932999997,0.004286804168,-1589.267326959597
1510,16.291945932999997,0.004738046712,-1517.097575741577
1511,16.291945932999997,0.0051892892559999996,-1448.5565937866654
1512,16.291945932999997,0.0056405318,-1383.4597876558348
1513,16.291945932999997,0.006091774344,-1321.6343264821367
1514,16.291945932999997,0.0065430168879999995,-1262.9182308181084
1515,16.291945932999997,0.006994259432,-1207.159540859524
1516,16.291945932999997,0.007445501976,-1154.215558078229
1517,16.291945932999997,0.007896744519999999,-1103.9521539104012
1518,16.291945932999997,0.008347987064,-1056.2431391430082
1519,16.291945932999997,0.008799229607999998,-1010.9696882089406
1520,16.291945932999997,0.009250472151999999,-968.0198129597009
1521,16.291945932999997,0.009701714695999999,-927.2878811542723
1522,16.291945932999997,0.010152957239999998,-888.6741752576097
1523,16.291945932999997,0.010604199783999999,-852.0844876841348
1524,16.291945932999997,0.011055442327999999,-817.4297490113336
1525,16.291945932999997,0.011506684871999998,-784.6256860430152
1526,16.291945932999997,0.011957927415999998,-753.5925069484686
1527,16.291945932999997,0.012409169959999999,-724.2546109804866
1528,16.291945932999997,0.012860412503999998,-696.5403205663442
1529,16.291945932999997,0.013311655047999998,-670.3816337214573
1530,16.291945932999997,0.013762897591999999,-645.713995047907
1531,16.291945932999997,0.014214140135999998,-622.4760836535871
1532,16.291945932999997,0.014665382679999998,-600.6096165647575
1533,16.291945932999997,0.015116625223999999,-580.0591662854126
1534,16.291945932999997,0.015567867767999998,-560.7719913848937
1535,16.291945932999997,0.016019110312,-542.6978789356172
1536,16.291945932999997,0.016470352856,-525.7889979275046
1537,16.291945932999997,0.0169215954,-509.99976273963
1538,16.291945932999997,0.017372837944,-495.28670583822753
1539,16.291945932999997,0.017824080488,-481.6083590209726
1540,16.291945932999997,0.018275323032,-468.92514253794207
1541,16.291945932999997,0.018726565576,-457.19926145160974
1542,16.291945932999997,0.01917780812,-446.39460871626704
1543,16.291945932999997,0.019629050664,-436.4766744697359
1544,16.291945932999997,0.020080293207999998,-427.41246107025336
1545,16.291945932999997,0.020531535752,-419.1704034580422
1546,16.291945932999997,0.020982778296,-411.72029445258
1547,16.291945932999997,0.021434020839999998,-405.03321465278884
1548,16.291945932999997,0.021885263384,-399.0814665747865
1549,16.291945932999997,0.022336505928,-393.8385127664823
1550,16.291945932999997,0.022787748471999998,-389.27891760967583
1551,16.291945932999997,0.023238991016,-385.3782925477117
1552,16.291945932999997,0.02369023356,-382.1132445176299
1553,16.291945932999997,0.024141476103999998,-379.46132736306924
1554,16.291945932999997,0.024592718648,-377.4009960380497
1555,16.291945932999997,0.025043961192,-375.91156340351523
1556,16.291945932999997,0.025495203735999998,-374.9731594644479
1557,16.291945932999997,0.02594644628,-374.5666928735086
1558,16.291945932999997,0.026397688824,-374.67381456607944
1559,16.291945932999997,0.026848931367999998,-375.27688338345126
1560,16.291945932999997,0.027300173912,-376.3589335688635
1561,16.291945932999997,0.027751416456,-377.9036440078683
1562,16.291945932999997,0.028202658999999998,-379.8953091145022
1563,16.291945932999997,0.028653901544,-382.31881125624085
1564,16.291945932999997,0.029105144088,-385.15959462680655
1565,16.291945932999997,0.029556386631999998,-388.4036404821731
1566,16.291945932999997,0.030007629176,-392.03744364728414
1567,16.291945932999997,0.03045887172,-396.04799023693084
1568,16.291945932999997,0.030910114263999998,-400.4227364994669
1569,16.291945932999997,0.031361356808,-405.14958872912155
1570,16.291945932999997,0.031812599351999996,-410.21688418828694
1571,16.291945932999997,0.032263841896,-415.61337296763384
1572,16.291945932999997,0.03271508444,-421.3282007457867
1573,16.291945932999997,0.033166326983999996,-427.35089238603763
1574,16.291945932999997,0.033617569528,-433.67133634093454
1575,16.291945932999997,0.034068812072,-440.279769785225
1576,16.291945932999997,0.034520054615999995,-447.1667644816991
1577,16.291945932999997,0.03497129716,-454.3232133042533
1578,16.291945932999997,0.035422539704,-461.7403174045291
1579,16.291945932999997,0.035873782247999995,-469.4095739495188
1580,16.291945932999997,0.036325024792,-477.3227644913414
1581,16.291945932999997,0.036776267336,-485.47194378961825
1582,16.291945932999997,0.037227509879999995,-493.84942921840207
1583,16.291945932999997,0.037678752424,-502.4477906071069
1584,16.291945932999997,0.038129994968,-511.2598405646049
1585,16.291945932999997,0.038581237511999995,-520.2786252157923
1586,16.291945932999997,0.039032480056,-529.4974153812116
1587,16.291945932999997,0.0394837226,-538.9096981136324
1588,16.291945932999997,0.039934965143999995,-548.5091686220167
1589,16.291945932999997,0.040386207688,-558.2897225493525
1590,16.291945932999997,0.040837450232,-568.2454485792477
1591,16.291945932999997,0.041288692775999995,-578.3706213524421
1592,16.291945932999997,0.04173993532,-588.6596947149392
1593,16.291945932999997,0.042191177864,-599.1072952170539
1594,16.291945932999997,0.042642420407999995,-609.7082159027836
1595,16.291945932999997,0.043093662952,-620.4574103709333
1596,16.291945932999997,0.043544905496,-631.34998706635
1597,16.291945932999997,0.043996148039999995,-642.3812038052854
1598,16.291945932999997,0.044447390584,-653.5464625471043
1599,16.291945932999997,0.044898633128,-664.8413043408384
1600,17.343039218999998,0.000225621272,-2439.1568896124386
1601,17.343039218999998,0.000676863816,-2323.318964955151
1602,17.343039218999998,0.00112810636,-2213.288943914407
1603,17.343039218999998,0.001579348904,-2108.8846202454038
1604,17.343039218999998,0.002030591448,-2009.8209830699816
1605,17.343039218999998,0.0024818339919999996,-1915.8097362858816
1606,17.343039218999998,0.0029330765359999998,-1826.5763794705383
1607,17.343039218999998,0.0033843190799999995,-1741.8632187666894
1608,17.343039218999998,0.0038355616239999996,-1661.4292957777118
1609,17.343039218999998,0.004286804168,-1585.0495008341109
1610,17.343039218999998,0.004738046712,-1512.5134818951296
1611,17.343039218999998,0.0051892892559999996,-1443.6245424571405
1612,17.343039218999998,0.0056405318,-1378.1985939070594
1613,17.343039218999998,0.006091774344,-1316.0631831411351
1614,17.343039218999998,0.0065430168879999995,-1257.0565993139057
1615,17.343039218999998,0.006994259432,-1201.0270570170164
1616,17.343039218999998,0.007445501976,-1147.831950653087
1617,17.343039218999998,0.007896744519999999,-1097.3371740303182
1618,17.343039218999998,0.008347987064,-1049.416499252741
1619,17.343039218999998,0.008799229607999998,-1003.9510092535572
1620,17.343039218999998,0.009250472151999999,-960.8285788174414
1621,17.343039218999998,0.009701714695999999,-919.9433993987202
1622,17.343039218999998,0.010152957239999998,-881.1955435103104
1623,17.343039218999998,0.010604199783999999,-844.4905648833828
1624,17.343039218999998,0.011055442327999999,-809.7391310340461
1625,17.343039218999998,0.011506684871999998,-776.8566851431245
1626,17.343039218999998,0.011957927415999998,-745.7631346072031
1627,17.343039218999998,0.012409169959999999,-716.3825637378538
1628,17.343039218999998,0.012860412503999998,-688.6429685044734
1629,17.343039218999998,0.013311655047999998,-662.4760112912725
1630,17.343039218999998,0.013762897591999999,-637.8167939625812
1631,17.343039218999998,0.014214140135999998,-614.6036476113345
1632,17.343039218999998,0.014665382679999998,-592.7779375778016
1633,17.343039218999998,0.015116625223999999,-572.2838824355573
1634,17.343039218999998,0.015567867767999998,-553.0683858144159
1635,17.343039218999998,0.016019110312,-535.0808799445972
1636,17.343039218999998,0.016470352856,-518.2731800351605
1637,17.343039218999998,0.0169215954,-502.59934856504
1638,17.343039218999998,0.017372837944,-488.01556873206874
1639,17.343039218999998,0.017824080488,-474.48002632052953
1640,17.343039218999998,0.018275323032,-461.95279936745055
1641,17.343039218999998,0.018726565576,-450.3957549994257
1642,17.343039218999998,0.01917780812,-439.77245290858394
1643,17.343039218999998,0.019629050664,-430.04805498168105
1644,17.343039218999998,0.020080293207999998,-421.18924062910565
1645,17.343039218999998,0.020531535752,-413.16412737216075
1646,17.343039218999998,0.020982778296,-405.9421963397848
1647,17.343039218999998,0.021434020839999998,-399.49422231682047
1648,17.343039218999998,0.021885263384,-393.7922080018085
1649,17.343039218999998,0.022336505928,-388.80932221308916
1650,17.343039218999998,0.022787748471999998,-384.51984174117064
1651,17.343039218999998,0.023238991016,-380.89909662197056
1652,17.343039218999998,0.02369023356,-377.92341857761187
1653,17.343039218999998,0.024141476103999998,-375.5700924290597
1654,17.343039218999998,0.024592718648,-373.8173102739894
1655,17.343039218999998,0.025043961192,-372.6441282537979
1656,17.343039218999998,0.025495203735999998,-372.03042573897585
1657,17.343039218999998,0.02594644628,-371.956866773326
1658,17.343039218999998,0.026397688824,-372.4048636407345
1659,17.343039218999998,0.026848931367999998,-373.3565424123904
1660,17.343039218999998,0.027300173912,-374.7947103564209
1661,17.343039218999998,0.027751416456,-376.70282509009354
1662,17.343039218999998,0.028202658999999998,-379.0649653691238
1663,17.343039218999998,0.028653901544,-381.86580341464537
1664,17.343039218999998,0.029105144088,-385.09057868153667
1665,17.343039218999998,0.029556386631999998,-388.7250729912383
1666,17.343039218999998,0.030007629176,-392.75558692740475
1667,17.343039218999998,0.03045887172,-397.16891745221375
1668,17.343039218999998,0.030910114263999998,-401.95233663397084
1669,17.343039218999998,0.031361356808,-407.0935714551509
1670,17.343039218999998,0.031812599351999996,-412.5807846186703
1671,17.343039218999998,0.032263841896,-418.40255629877896
1672,17.343039218999998,0.03271508444,-424.54786679006696
1673,17.343039218999998,0.033166326983999996,-431.0060799957619
1674,17.343039218999998,0.033617569528,-437.766927722159
1675,17.343039218999998,0.034068812072,-444.8204947019518
1676,17.343039218999998,0.034520054615999995,-452.1572043555558
1677,17.343039218999998,0.03497129716,-459.7678052112926
1678,17.343039218999998,0.035422539704,-467.6433579595357
1679,17.343039218999998,0.035873782247999995,-475.7752231035949
1680,17.343039218999998,0.036325024792,-484.1550492168408
1681,17.343039218999998,0.036776267336,-492.77476166698864
1682,17.343039218999998,0.037227509879999995,-501.62655193042883
1683,17.343039218999998,0.037678752424,-510.70286734878846
1684,17.343039218999998,0.038129994968,-519.9964013367444
1685,17.343039218999998,0.038581237511999995,-529.5000840533557
1686,17.343039218999998,0.039032480056,-539.2070734761276
1687,17.343039218999998,0.0394837226,-549.1107468578043
1688,17.343039218999998,0.039934965143999995,-559.2046925689642
1689,17.343039218999998,0.040386207688,-569.4827022785394
1690,17.343039218999998,0.040837450232,-579.9387635078378
1691,17.343039218999998,0.041288692775999995,-590.5670524435367
1692,17.343039218999998,0.04173993532,-601.3619271252417
1693,17.343039218999998,0.042191177864,-612.3179208550469
1694,17.343039218999998,0.042642420407999995,-623.4297359400512
1695,17.343039218999998,0.043093662952,-634.6922376475063
1696,17.343039218999998,0.043544905496,-646.1004484604471
1697,17.343039218999998,0.043996148039999995,-657.6495425217863
1698,17.343039218999998,0.044447390584,-669.3348403389896
1699,17.343039218999998,0.044898633128,-681.151803682498
1700,18.394132504999998,0.000225621272,-2438.877895383218
1701,18.394132504999998,0.000676863816,-2322.637086599454
1702,18.394132504999998,0.00112810636,-2212.1983633325863
1703,18.394132504999998,0.001579348904,-2107.38585791498
1704,18.394132504999998,0.002030591448,-2007.9199841289878
1705,18.394132504999998,0.0024818339919999996,-1913.5155309729985
1706,18.394132504999998,0.0029330765359999998,-1823.9000955094116
1707,18.394132504999998,0.0033843190799999995,-1738.8175521471258
1708,18.394132504999998,0.0038355616239999996,-1658.0281680907704
1709,18.394132504999998,0.004286804168,-1581.3078088943982
1710,18.394132504999998,0.004738046712,-1508.4469011534945
1711,18.394132504999998,0.0051892892559999996,-1439.2493660230662
1712,18.394132504999998,0.0056405318,-1373.5315974528826
1713,18.394132504999998,0.006091774344,-1311.1215098226417
1714,18.394132504999998,0.0065430168879999995,-1251.8576608741987
1715,18.394132504999998,0.006994259432,-1195.588448326266
1716,18.394132504999998,0.007445501976,-1142.171375632271
1717,18.394132504999998,0.007896744519999999,-1091.4723813453318
1718,18.394132504999998,0.008347987064,-1043.3652264610444
1719,18.394132504999998,0.008799229607999998,-997.7309343198749
1720,18.394132504999998,0.009250472151999999,-954.4572780869494
1721,18.394132504999998,0.009701714695999999,-913.4383112404985
1722,18.394132504999998,0.010152957239999998,-874.5739369526646
1723,18.394132504999998,0.010604199783999999,-837.7695126689514
1724,18.394132504999998,0.011055442327999999,-802.9354865630064
1725,18.394132504999998,0.011506684871999998,-769.9870628904687
1726,18.394132504999998,0.011957927415999998,-738.8438935759114
1727,18.394132504999998,0.012409169959999999,-709.4297936478481
1728,18.394132504999998,0.012860412503999998,-681.6724783681614
1729,18.394132504999998,0.013311655047999998,-655.5033201375056
1730,18.394132504999998,0.013762897591999999,-630.8571234425353
1731,18.394132504999998,0.014214140135999998,-607.6719162828849
1732,18.394132504999998,0.014665382679999998,-585.8887566711865
1733,18.394132504999998,0.015116625223999999,-565.4515529468056
1734,18.394132504999998,0.015567867767999998,-546.3068967324368
1735,18.394132504999998,0.016019110312,-528.4039075345651
1736,18.394132504999998,0.016470352856,-511.6940879985168
1737,18.394132504999998,0.0169215954,-496.13118900629166
1738,18.394132504999998,0.017372837944,-481.671083813567
1739,18.394132504999998,0.017824080488,-468.27165053840514
1740,18.394132504999998,0.018275323032,-455.89266234173436
1741,18.394132504999998,0.018726565576,-444.4956847273275
1742,18.394132504999998,0.01917780812,-434.0439794222325
1743,18.394132504999998,0.019629050664,-424.50241433983575
1744,18.394132504999998,0.020080293207999998,-415.8373791944347
1745,18.394132504999998,0.020531535752,-408.01670633942035
1746,18.394132504999998,0.020982778296,-401.0095964670599
1747,18.394132504999998,0.021434020839999998,-394.78654881868925
1748,18.394132504999998,0.021885263384,-389.31929558380665
1749,18.394132504999998,0.022336505928,-384.580740206796
1750,18.394132504999998,0.022787748471999998,-380.54489932738966
1751,18.394132504999998,0.023238991016,-377.1868481000843
1752,18.394132504999998,0.02369023356,-374.4826686802573
1753,18.394132504999998,0.024141476103999998,-372.40940165238607
1754,18.394132504999998,0.024592718648,-370.9450002112548
1755,18.394132504999998,0.025043961192,-370.0682869166513
1756,18.394132504999998,0.025495203735999998,-369.7589128532819
1757,18.394132504999998,0.02594644628,-369.9973190410666
1758,18.394132504999998,0.026397688824,-370.7646999574567
1759,18.394132504999998,0.026848931367999998,-372.04296902816054
1760,18.394132504999998,0.027300173912,-373.8147259800252
1761,18.394132504999998,0.027751416456,-376.06322592151673
1762,18.394132504999998,0.028202658999999998,-378.772350064053
1763,18.394132504999998,0.028653901544,-381.9265779669115
1764,18.394132504999998,0.029105144088,-385.51096122856103
1765,18.394132504999998,0.029556386631999998,-389.51109853175626
1766,18.394132504999998,0.030007629176,-393.91311195845526
1767,18.394132504999998,0.03045887172,-398.7036245060436
1768,18.394132504999998,0.030910114263999998,-403.86973873485834
1769,18.394132504999998,0.031361356808,-409.3990164813884
1770,18.394132504999998,0.031812599351999996,-415.2794595654157
1771,18.394132504999998,0.032263841896,-421.49949145915997
1772,18.394132504999998,0.03271508444,-428.04793983318837
1773,18.394132504999998,0.033166326983999996,-434.91401996192553
1774,18.394132504999998,0.033617569528,-442.0873189032451
1775,18.394132504999998,0.034068812072,-449.55778046423865
1776,18.394132504999998,0.034520054615999995,-457.3156908372392
1777,18.394132504999998,0.03497129716,-465.3516649522975
1778,18.394132504999998,0.035422539704,-473.6566334237736
1779,18.394132504999998,0.035873782247999995,-482.2218301380386
1780,18.394132504999998,0.036325024792,-491.038780380936
1781,18.394132504999998,0.036776267336,-500.09928953430546
1782,18.394132504999998,0.037227509879999995,-509.3954322527762
1783,18.394132504999998,0.037678752424,-518.9195421624081
1784,18.394132504999998,0.038129994968,-528.6642019930457
1785,18.394132504999998,0.038581237511999995,-538.6222341447194
1786,18.394132504999998,0.039032480056,-548.7866917155729
1787,18.394132504999998,0.0394837226,-559.150849850118
1788,18.394132504999998,0.039934965143999995,-569.7081975328058
1789,18.394132504999998,0.040386207688,-580.4524296902241
1790,18.394132504999998,0.040837450232,-591.3774396515028
1791,18.394132504999998,0.041288692775999995,-602.4773119209933
1792,18.394132504999998,0.04173993532,-613.7463152810317
1793,18.394132504999998,0.042191177864,-625.1788961440034
1794,18.394132504999998,0.042642420407999995,-636.7696722156031
1795,18.394132504999998,0.043093662952,-648.5134264052201
1796,18.394132504999998,0.043544905496,-660.4051010096814
1797,18.394132504999998,0.043996148039999995,-672.4397920982593
1798,18.394132504999998,0.044447390584,-684.6127441508982
1799,18.394132504999998,0.044898633128,-696.9193449283506
1800,19.445225791,0.000225621272,-2438.6219181998863
1801,19.445225791,0.000676863816,-2322.0228504918277
1802,19.445225791,0.00112810636,-2211.221114569669
1803,19.445225791,0.001579348904,-2106.0452712753367
1804,19.445225791,0.002030591448,-2006.2208991089913
1805,19.445225791,0.0024818339919999996,-1911.4657206137026
1806,19.445225791,0.0029330765359999998,-1821.5093087330301
1807,19.445225791,0.0033843190799999995,-1736.0970062910228
1808,19.445225791,0.0038355616239999996,-1654.9902256317987
1809,19.445225791,0.004286804168,-1577.9657444891982
1810,19.445225791,0.004738046712,-1504.8147205085447
1811,19.445225791,0.0051892892559999996,-1435.341658483759
1812,19.445225791,0.0056405318,-1369.363412719557
1813,19.445225791,0.006091774344,-1306.7082530971377
1814,19.445225791,0.0065430168879999995,-1247.2150027682235
1815,19.445225791,0.006994259432,-1190.732246947702
1816,19.445225791,0.007445501976,-1137.1176089495784
1817,19.445225791,0.007896744519999999,-1086.237088343616
1818,19.445225791,0.008347987064,-1037.9644559005303
1819,19.445225791,0.008799229607999998,-992.1807001039126
1820,19.445225791,0.009250472151999999,-948.7735204443925
1821,19.445225791,0.009701714695999999,-907.6368629952534
1822,19.445225791,0.010152957239999998,-868.6704942866064
1823,19.445225791,0.010604199783999999,-831.7796098704623
1824,19.445225791,0.011055442327999999,-796.8744742854853
1825,19.445225791,0.011506684871999998,-763.8700895427653
1826,19.445225791,0.011957927415999998,-732.6858894794505
1827,19.445225791,0.012409169959999999,-703.2454576601624
1828,19.445225791,0.012860412503999998,-675.4762666959489
1829,19.445225791,0.013311655047999998,-649.3094371012453
1830,19.445225791,0.013762897591999999,-624.6795139657162
1831,19.445225791,0.014214140135999998,-601.5242599306596
1832,19.445225791,0.014665382679999998,-579.7844630409495
1833,19.445225791,0.015116625223999999,-559.4037583003096
1834,19.445225791,0.015567867767999998,-540.3284616799974
1835,19.445225791,0.016019110312,-522.5074156920009
1836,19.445225791,0.016470352856,-505.89184548952863
1837,19.445225791,0.0169215954,-490.4352246965548
1838,19.445225791,0.017372837944,-476.0931502248476
1839,19.445225791,0.017824080488,-462.82322533217325
1840,19.445225791,0.018275323032,-450.58495031015565
1841,19.445225791,0.018726565576,-439.3396202322235
1842,19.445225791,0.01917780812,-429.05022921873007
1843,19.445225791,0.019629050664,-419.68138074150795
1844,19.445225791,0.020080293207999998,-411.19920351898435
1845,19.445225791,0.020531535752,-403.5712726052762
1846,19.445225791,0.020982778296,-396.76653530453086
1847,19.445225791,0.021434020839999998,-390.7552415473824
1848,19.445225791,0.021885263384,-385.50887844202373
1849,19.445225791,0.022336505928,-381.00010870186566
1850,19.445225791,0.022787748471999998,-377.20271267340473
1851,19.445225791,0.023238991016,-374.0915337347355
1852,19.445225791,0.02369023356,-371.64242683029505
1853,19.445225791,0.024141476103999998,-369.8322099374815
1854,19.445225791,0.024592718648,-368.63861826793703
1855,19.445225791,0.025043961192,-368.0402610282729
1856,19.445225791,0.025495203735999998,-368.016580573939
1857,19.445225791,0.02594644628,-368.5478138040203
1858,19.445225791,0.026397688824,-369.61495565610284
1859,19.445225791,0.026848931367999998,-371.1997245642595
1860,19.445225791,0.027300173912,-373.28452976671866
1861,19.445225791,0.027751416456,-375.8524403423861
1862,19.445225791,0.028202658999999998,-378.8871558733567
1863,19.445225791,0.028653901544,-382.37297863313165
1864,19.445225791,0.029105144088,-386.2947872173638
1865,19.445225791,0.029556386631999998,-390.63801151546073
1866,19.445225791,0.030007629176,-395.3886089620201
1867,19.445225791,0.03045887172,-400.5330419774074
1868,19.445225791,0.030910114263999998,-406.058256539912
1869,19.445225791,0.031361356808,-411.9516618341456
1870,19.445225791,0.031812599351999996,-418.2011108596364
1871,19.445225791,0.032263841896,-424.79488204193495
1872,19.445225791,0.03271508444,-431.72166169063553
1873,19.445225791,0.033166326983999996,-438.97052733067295
1874,19.445225791,0.033617569528,-446.53093179166063
1875,19.445225791,0.034068812072,-454.3926881103983
1876,19.445225791,0.034520054615999995,-462.54595507866674
1877,19.445225791,0.03497129716,-470.98122351452065
1878,19.445225791,0.035422539704,-479.6893031421925
1879,19.445225791,0.035873782247999995,-488.66131009973566
1880,19.445225791,0.036325024792,-497.88865497275043
1881,19.445225791,0.036776267336,-507.3630314425296
1882,19.445225791,0.037227509879999995,-517.0764053740517
1883,19.445225791,0.037678752424,-527.0210044452595
1884,19.445225791,0.038129994968,-537.1893081985721
1885,19.445225791,0.038581237511999995,-547.5740385591996
1886,19.445225791,0.039032480056,-558.168150768908
1887,19.445225791,0.0394837226,-568.9648246769509
1888,19.445225791,0.039934965143999995,-579.9574564749477
1889,19.445225791,0.040386207688,-591.1396507064469
1890,19.445225791,0.040837450232,-602.5052127049726
1891,19.445225791,0.041288692775999995,-614.0481412779166
1892,19.445225791,0.04173993532,-625.7626217380725
1893,19.445225791,0.042191177864,-637.6430192122696
1894,19.445225791,0.042642420407999995,-649.683872266731
1895,19.445225791,0.043093662952,-661.8798867036995
1896,19.445225791,0.043544905496,-674.2259297534363
1897,19.445225791,0.043996148039999995,-686.717024352401
1898,19.445225791,0.044447390584,-699.3483437721463
1899,19.445225791,0.044898633128,-712.1152063954291
1900,20.496319077,0.000225621272,-2438.385573045576
1901,20.496319077,0.000676863816,-2321.4657184800576
1902,20.496319077,0.00112810636,-2210.3396650732757
1903,20.496319077,0.001579348904,-2104.8385026620304
1904,20.496319077,0.002030591448,-2004.692726706478
1905,20.496319077,0.0024818339919999996,-1909.622859564562
1906,20.496319077,0.0029330765359999998,-1819.3603443468674
1907,20.496319077,0.0033843190799999995,-1733.6519051732703
1908,20.496319077,0.0038355616239999996,-1652.260028682718
1909,20.496319077,0.004286804168,-1574.9623485780157
1910,20.496319077,0.004738046712,-1501.5507103957068
1911,20.496319077,0.0051892892559999996,-1431.8301709237276
1912,20.496319077,0.0056405318,-1365.618023259043
1913,20.496319077,0.006091774344,-1302.7428799905358
1914,20.496319077,0.0065430168879999995,-1243.0438244862175
1915,20.496319077,0.006994259432,-1186.3696308085728
1916,20.496319077,0.007445501976,-1132.5780491098515
1917,20.496319077,0.007896744519999999,-1081.5351517480462
1918,20.496319077,0.008347987064,-1033.114735114982
1919,20.496319077,0.008799229607999998,-987.1977721416602
1920,20.496319077,0.009250472151999999,-943.6719108191724
1921,20.496319077,0.009701714695999999,-902.4310143883483
1922,20.496319077,0.010152957239999998,-863.3747392871794
1923,20.496319077,0.010604199783999999,-826.4081472980931
1924,20.496319077,0.011055442327999999,-791.4413487174517
1925,20.496319077,0.011506684871999998,-758.3891736742621
1926,20.496319077,0.011957927415999998,-727.1708689955041
1927,20.496319077,0.012409169959999999,-697.7098183809185
1928,20.496319077,0.012860412503999998,-669.9332836791466
1929,20.496319077,0.013311655047999998,-643.7721655646209
1930,20.496319077,0.013762897591999999,-619.1607817820706
1931,20.496319077,0.014214140135999998,-596.0366615413329
1932,20.496319077,0.014665382679999998,-574.3403546265415
1933,20.496319077,0.015116625223999999,-554.0152541002349
1934,20.496319077,0.015567867767999998,-535.0074312774965
1935,20.496319077,0.016019110312,-517.2654822262969
1936,20.496319077,0.016470352856,-500.7403846361155
1937,20.496319077,0.0169215954,-485.3853643589697
1938,20.496319077,0.017372837944,-471.15577084694297
1939,20.496319077,0.017824080488,-458.008960770215
1940,20.496319077,0.018275323032,-445.9041891801274
1941,20.496319077,0.018726565576,-434.8025076828425
1942,20.496319077,0.01917780812,-424.6666690910535
1943,20.496319077,0.019629050664,-415.4610380522886
1944,20.496319077,0.020080293207999998,-407.15150721546263
1945,20.496319077,0.020531535752,-399.7054185881181
1946,20.496319077,0.020982778296,-393.0914896470434
1947,20.496319077,0.021434020839999998,-387.2797438935268
1948,20.496319077,0.021885263384,-382.2414455721506
1949,20.496319077,0.022336505928,-377.94903820919313
1950,20.496319077,0.022787748471999998,-374.37608675439725
1951,20.496319077,0.023238991016,-371.4972230574319
1952,20.496319077,0.02369023356,-369.28809446878137
1953,20.496319077,0.024141476103999998,-367.72531535972234
1954,20.496319077,0.024592718648,-366.7864213520395
1955,20.496319077,0.025043961192,-366.44982610209524
1956,20.496319077,0.025495203735999998,-366.6947804633296
1957,20.496319077,0.02594644628,-367.50133387777527
1958,20.496319077,0.026397688824,-368.85029786302397
1959,20.496319077,0.026848931367999998,-370.7232114467597
1960,20.496319077,0.027300173912,-373.1023084503428
1961,20.496319077,0.027751416456,-375.9704864929209
1962,20.496319077,0.028202658999999998,-379.31127761274587
1963,20.496319077,0.028653901544,-383.1088204088582
1964,20.496319077,0.029105144088,-387.3478336318039
1965,20.496319077,0.029556386631999998,-392.01359109221164
1966,20.496319077,0.030007629176,-397.09189786951396
1967,20.496319077,0.03045887172,-402.56906768262513
1968,20.496319077,0.030910114263999998,-408.43190140021375
1969,20.496319077,0.031361356808,-414.6676666493598
1970,20.496319077,0.031812599351999996,-421.26407832768587
1971,20.496319077,0.032263841896,-428.2092801684576
1972,20.496319077,0.03271508444,-435.49182713557553
1973,20.496319077,0.033166326983999996,-443.1006686830324
1974,20.496319077,0.033617569528,-451.0251327545489
1975,20.496319077,0.034068812072,-459.2549106725177
1976,20.496319077,0.034520054615999995,-467.7800425555121
1977,20.496319077,0.03497129716,-476.5909035663099
1978,20.496319077,0.035422539704,-485.67819070610864
1979,20.496319077,0.035873782247999995,-495.03291026531264
1980,20.496319077,0.036325024792,-504.64636576842685
1981,20.496319077,0.036776267336,-514.5101465938894
1982,20.496319077,0.037227509879999995,-524.61611695179
1983,20.496319077,0.037678752424,-534.9564054954619
1984,20.496319077,0.038129994968,-545.5233952788553
1985,20.496319077,0.038581237511999995,-556.3097142146039
1986,20.496319077,0.039032480056,-567.3082259523219
1987,20.496319077,0.0394837226,-578.5120211234027
1988,20.496319077,0.039934965143999995,-589.914408986788
1989,20.496319077,0.040386207688,-601.508909394247
1990,20.496319077,0.040837450232,-613.2892451914452
1991,20.496319077,0.041288692775999995,-625.2493348049422
1992,20.496319077,0.04173993532,-637.3832852544444
1993,20.496319077,0.042191177864,-649.6853853812315
1994,20.496319077,0.042642420407999995,-662.1500994559644
1995,20.496319077,0.043093662952,-674.772060877074
1996,20.496319077,0.043544905496,-687.546066350913
1997,20.496319077,0.043996148039999995,-700.4670700953316
1998,20.496319077,0.044447390584,-713.5301784460746
1999,20.496319077,0.044898633128,-726.7306445531453
2000,21.547412363,0.000225621272,-2438.1661478843007
2001,21.547412363,0.000676863816,-2320.957217017187
2002,21.547412363,0.00112810636,-2209.539899228196
2003,21.547412363,0.001579348904,-2103.745930952326
2004,21.547412363,0.002030591448,-2003.3104852896226
2005,21.547412363,0.0024818339919999996,-1907.9567649101639
2006,21.547412363,0.0029330765359999998,-1817.417990475496
2007,21.547412363,0.0033843190799999995,-1731.4421909895082
2008,21.547412363,0.0038355616239999996,-1649.7928647841884
2009,21.547412363,0.004286804168,-1572.2484513398717
2010,21.547412363,0.004738046712,-1498.6014449920715
2011,21.547412363,0.0051892892559999996,-1428.6574252670218
2012,21.547412363,0.0056405318,-1362.2341034622464
2013,21.547412363,0.006091774344,-1299.160421845585
2014,21.547412363,0.0065430168879999995,-1239.2757175650493
2015,21.547412363,0.006994259432,-1182.4289527953779
2016,21.547412363,0.007445501976,-1128.4780087204902
2017,21.547412363,0.007896744519999999,-1077.2890389089803
2018,21.547412363,0.008347987064,-1028.7358774196332
2019,21.547412363,0.008799229607999998,-982.6994967348905
2020,21.547412363,0.009250472151999999,-939.0675110637637
2021,21.547412363,0.009701714695999999,-897.7337207107473
2022,21.547412363,0.010152957239999998,-858.5976937050309
2023,21.547412363,0.010604199783999999,-821.564381240986
2024,21.547412363,0.011055442327999999,-786.5437637414576
2025,21.547412363,0.011506684871999998,-753.450524766475
2026,21.547412363,0.011957927415999998,-722.2037501689547
2027,21.547412363,0.012409169959999999,-692.7266503487251
2028,21.547412363,0.012860412503999998,-664.9463033181439
2029,21.547412363,0.013311655047999998,-638.7934170583686
2030,21.547412363,0.013762897591999999,-614.2021091942343
2031,21.547412363,0.014214140135999998,-591.1097027116184
2032,21.547412363,0.014665382679999998,-569.4565362148105
2033,21.547412363,0.015116625223999999,-549.1857877143188
2034,21.547412363,0.015567867767999998,-530.2433104731608
2035,21.547412363,0.016019110312,-512.5774803898212
2036,21.547412363,0.016470352856,-496.1390535922937
2037,21.547412363,0.0169215954,-480.88103360941386
2038,21.547412363,0.017372837944,-466.7585474431167
2039,21.547412363,0.017824080488,-453.72872968641127
2040,21.547412363,0.018275323032,-441.7506141393272
2041,21.547412363,0.018726565576,-430.78503240241173
2042,21.547412363,0.01917780812,-420.7945188906526
2043,21.547412363,0.019629050664,-411.74322177931805
2044,21.547412363,0.020080293207999998,-403.59681943968627
2045,21.547412363,0.020531535752,-396.3224420453305
2046,21.547412363,0.020982778296,-389.8885979023817
2047,21.547412363,0.021434020839999998,-384.2651041621171
2048,21.547412363,0.021885263384,-379.42302171686
2049,21.547412363,0.022336505928,-375.3345938648549
2050,21.547412363,0.022787748471999998,-371.97318855743487
2051,21.547412363,0.023238991016,-369.3132439709132
2052,21.547412363,0.02369023356,-367.3302171763719
2053,21.547412363,0.024141476103999998,-366.00053572437383
2054,21.547412363,0.024592718648,-365.30155191525574
2055,21.547412363,0.025043961192,-365.2114996154435
2056,21.547412363,0.025495203735999998,-365.7094534390559
2057,21.547412363,0.02594644628,-366.7752901505868
2058,21.547412363,0.026397688824,-368.3896521528239
2059,21.547412363,0.026848931367999998,-370.5339129125971
2060,21.547412363,0.027300173912,-373.19014423070985
2061,21.547412363,0.027751416456,-376.34108522813455
2062,21.547412363,0.028202658999999998,-379.9701129353433
2063,21.547412363,0.028653901544,-384.0612144032249
2064,21.547412363,0.029105144088,-388.5989602639344
2065,21.547412363,0.029556386631999998,-393.5684795900176
2066,21.547412363,0.030007629176,-398.95543607150023
2067,21.547412363,0.03045887172,-404.74600532585697
2068,21.547412363,0.030910114263999998,-410.92685336159764
2069,21.547412363,0.031361356808,-417.48511616441556
2070,21.547412363,0.031812599351999996,-424.4083801032497
2071,21.547412363,0.032263841896,-431.6846634896686
2072,21.547412363,0.03271508444,-439.3023988931804
2073,21.547412363,0.033166326983999996,-447.2504163621017
2074,21.547412363,0.033617569528,-455.51792731940753
2075,21.547412363,0.034068812072,-464.09450947427666
2076,21.547412363,0.034520054615999995,-472.97009210001346
2077,21.547412363,0.03497129716,-482.1349422734807
2078,21.547412363,0.035422539704,-491.5796515872292
2079,21.547412363,0.035873782247999995,-501.29512358236803
2080,21.547412363,0.036325024792,-511.272561547076
2081,21.547412363,0.036776267336,-521.5034572043685
2082,21.547412363,0.037227509879999995,-531.9795795045643
2083,21.547412363,0.037678752424,-542.6929642867083
2084,21.547412363,0.038129994968,-553.6359041062431
2085,21.547412363,0.038581237511999995,-564.8009386829763
2086,21.547412363,0.039032480056,-576.1808456929382
2087,21.547412363,0.0394837226,-587.768631982105
2088,21.547412363,0.039934965143999995,-599.5575251554212
2089,21.547412363,0.040386207688,-611.5409654595106
2090,21.547412363,0.040837450232,-623.7125981951845
2091,21.547412363,0.041288692775999995,-636.0662661967717
2092,21.547412363,0.04173993532,-648.5960028154138
2093,21.547412363,0.042191177864,-661.2960251009422
2094,21.547412363,0.042642420407999995,-674.1607273810462
2095,21.547412363,0.043093662952,-687.1846748356469
2096,21.547412363,0.043544905496,-700.3625977702961
2097,21.547412363,0.043996148039999995,-713.6893856129855
2098,21.547412363,0.044447390584,-727.1600816030236
2099,21.547412363,0.044898633128,-740.7698773922567
2100,22.598505648999996,0.000225621272,-2437.9614446363153
2101,22.598505648999996,0.000676863816,-2320.490457239919
2102,22.598505648999996,0.00112810636,-2208.810325828917
2103,22.598505648999996,0.001579348904,-2102.7515743756594
2104,22.598505648999996,0.002030591448,-2002.053819952184
2105,22.598505648999996,0.0024818339919999996,-1906.4428374326312
2106,22.598505648999996,0.0029330765359999998,-1815.653543263515
2107,22.598505648999996,0.0033843190799999995,-1729.4352039476948
2108,22.598505648999996,0.0038355616239999996,-1647.552273994167
2109,22.598505648999996,0.004286804168,-1569.7839537490313
2110,22.598505648999996,0.004738046712,-1495.9233509380838
2111,22.598505648999996,0.0051892892559999996,-1425.7765408916564
2112,22.598505648999996,0.0056405318,-1359.1616336369052
2113,22.598505648999996,0.006091774344,-1295.907888229003
2114,22.598505648999996,0.0065430168879999995,-1235.8548884343807
2115,22.598505648999996,0.006994259432,-1178.85178238253
2116,22.598505648999996,0.007445501976,-1124.75658445469
2117,22.598505648999996,0.007896744519999999,-1073.4355353439723
2118,22.598505648999996,0.008347987064,-1024.7625158985147
2119,22.598505648999996,0.008799229607999998,-978.6185100307262
2120,22.598505648999996,0.009250472151999999,-934.8911123870625
2121,22.598505648999996,0.009701714695999999,-893.474076513967
2122,22.598505648999996,0.010152957239999998,-854.2668998870893
2123,22.598505648999996,0.010604199783999999,-817.174442332691
2124,22.598505648999996,0.011055442327999999,-782.1065747338562
2125,22.598505648999996,0.011506684871999998,-748.9778553276568
2126,22.598505648999996,0.011957927415999998,-717.7072309428514
2127,22.598505648999996,0.012409169959999999,-688.2177611647728
2128,22.598505648999996,0.012860412503999998,-660.4363630511848
2129,22.598505648999996,0.013311655047999998,-634.2935750229724
2130,22.598505648999996,0.013762897591999999,-609.7233378593453
2131,22.598505648999996,0.014214140135999998,-586.6627916492457
2132,22.598505648999996,0.014665382679999998,-565.0520870965179
2133,22.598505648999996,0.015116625223999999,-544.8342103141906
2134,22.598505648999996,0.015567867767999998,-525.9548194927522
2135,22.598505648999996,0.016019110312,-508.3620930964602
2136,22.598505648999996,0.016470352856,-492.0065881357839
2137,22.598505648999996,0.0169215954,-476.84110794480824
2138,22.598505648999996,0.017372837944,-462.82057882658256
2139,22.598505648999996,0.017824080488,-449.90193466310194
2140,22.598505648999996,0.018275323032,-438.044008957362
2141,22.598505648999996,0.018726565576,-427.2074338245078
2142,22.598505648999996,0.01917780812,-417.35454534905654
2143,22.598505648999996,0.019629050664,-408.4492948463696
2144,22.598505648999996,0.020080293207999998,-400.45716555223856
2145,22.598505648999996,0.020531535752,-393.3450944768083
2146,22.598505648999996,0.020982778296,-387.0813989429698
2147,22.598505648999996,0.021434020839999998,-381.6357074681353
2148,22.598505648999996,0.021885263384,-376.9788948291778
2149,22.598505648999996,0.022336505928,-373.08302085503027
2150,22.598505648999996,0.022787748471999998,-369.9212727885587
2151,22.598505648999996,0.023238991016,-367.46791095392086
2152,22.598505648999996,0.02369023356,-365.698217505108
2153,22.598505648999996,0.024141476103999998,-364.588448080667
2154,22.598505648999996,0.024592718648,-364.11578612073515
2155,22.598505648999996,0.025043961192,-364.25829972505414
2156,22.598505648999996,0.025495203735999998,-364.99490086339176
2157,22.598505648999996,0.02594644628,-366.305306795373
2158,22.598505648999996,0.026397688824,-368.1700035735062
2159,22.598505648999996,0.026848931367999998,-370.5702114647324
2160,22.598505648999996,0.027300173912,-373.48785222174797
2161,22.598505648999996,0.027751416456,-376.90551805523563
2162,22.598505648999996,0.028202658999999998,-380.80644220998494
2163,22.598505648999996,0.028653901544,-385.17447104450844
2164,22.598505648999996,0.029105144088,-389.9940375807609
2165,22.598505648999996,0.029556386631999998,-395.2501363213245
2166,22.598505648999996,0.030007629176,-400.92829940299436
2167,22.598505648999996,0.03045887172,-407.01457385402017
2168,22.598505648999996,0.030910114263999998,-413.4955000370175
2169,22.598505648999996,0.031361356808,-420.3580911924574
2170,22.598505648999996,0.031812599351999996,-427.58981377786694
2171,22.598505648999996,0.032263841896,-435.17856900957315
2172,22.598505648999996,0.03271508444,-443.11267512591263
2173,22.598505648999996,0.033166326983999996,-451.3808505554404
2174,22.598505648999996,0.033617569528,-459.9721977453716
2175,22.598505648999996,0.034068812072,-468.8761880761851
2176,22.598505648999996,0.034520054615999995,-478.082647028631
2177,22.598505648999996,0.03497129716,-487.581740416666
2178,22.598505648999996,0.035422539704,-497.36396102748887
2179,22.598505648999996,0.035873782247999995,-507.4201160212621
2180,22.598505648999996,0.036325024792,-517.7413146484641
2181,22.598505648999996,0.036776267336,-528.3189569252391
2182,22.598505648999996,0.037227509879999995,-539.1447223471735
2183,22.598505648999996,0.037678752424,-550.2105595180672
2184,22.598505648999996,0.038129994968,-561.5086759207322
2185,22.598505648999996,0.038581237511999995,-573.0315283060447
2186,22.598505648999996,0.039032480056,-584.7718134639331
2187,22.598505648999996,0.0394837226,-596.7224593578044
2188,22.598505648999996,0.039934965143999995,-608.8766166982534
2189,22.598505648999996,0.040386207688,-621.2276507230322
2190,22.598505648999996,0.040837450232,-633.7691336518124
2191,22.598505648999996,0.041288692775999995,-646.4948370388272
2192,22.598505648999996,0.04173993532,-659.3987247523133
2193,22.598505648999996,0.042191177864,-672.4749460968658
2194,22.598505648999996,0.042642420407999995,-685.7178293744294
2195,22.598505648999996,0.043093662952,-699.1218753728085
2196,22.598505648999996,0.043544905496,-712.6817516530199
2197,22.598505648999996,0.043996148039999995,-726.3922864471131
2198,22.598505648999996,0.044447390584,-740.2484633522054
2199,22.598505648999996,0.044898633128,-754.245415878756
2200,23.649598934999997,0.000225621272,-2437.769662882026
2201,23.649598934999997,0.000676863816,-2320.0597828435652
2202,23.649598934999997,0.00112810636,-2208.1414963104753
2203,23.649598934999997,0.001579348904,-2101.84228478533
2204,23.649598934999997,0.002030591448,-2000.9059792442167
2205,23.649598934999997,0.0024818339919999996,-1905.0608278007307
2206,23.649598934999997,0.0029330765359999998,-1814.0433699409452
2207,23.649598934999997,0.0033843190799999995,-1727.6040499324433
2208,23.649598934999997,0.0038355616239999996,-1645.5082290406408
2209,23.649598934999997,0.004286804168,-1567.5358281918232
2210,23.649598934999997,0.004738046712,-1493.4805364182503
2211,23.649598934999997,0.0051892892559999996,-1423.1489000907352
2212,23.649598934999997,0.0056405318,-1356.3594096987376
2213,23.649598934999997,0.006091774344,-1292.941628542992
2214,23.649598934999997,0.0065430168879999995,-1232.735379488253
2215,23.649598934999997,0.006994259432,-1175.589993497614
2216,23.649598934999997,0.007445501976,-1121.3636188464957
2217,23.649598934999997,0.007896744519999999,-1069.9225873674081
2218,23.649598934999997,0.008347987064,-1021.1408335785854
2219,23.649598934999997,0.008799229607999998,-974.8993621737673
2220,23.649598934999997,0.009250472151999999,-931.0857596828125
2221,23.649598934999997,0.009701714695999999,-889.5937461535161
2222,23.649598934999997,0.010152957239999998,-850.322763265244
2223,23.649598934999997,0.010604199783999999,-813.1775955002381
2224,23.649598934999997,0.011055442327999999,-778.0680212908967
2225,23.649598934999997,0.011506684871999998,-744.9084914745895
2226,23.649598934999997,0.011957927415999998,-713.6178324820892
2227,23.649598934999997,0.012409169959999999,-684.1189722202627
2228,23.649598934999997,0.012860412503999998,-656.3386863537744
2229,23.649598934999997,0.013311655047999998,-630.2073635652314
2230,23.649598934999997,0.013762897591999999,-605.6587878156556
2231,23.649598934999997,0.014214140135999998,-582.6299363876742
2232,23.649598934999997,0.014665382679999998,-561.0607922177935
2233,23.649598934999997,0.015116625223999999,-540.8941695642495
2234,23.649598934999997,0.015567867767999998,-522.0755515093667
2235,23.649598934999997,0.016019110312,-504.552938851661
2236,23.649598934999997,0.016470352856,-488.27670904139757
2237,23.649598934999997,0.0169215954,-473.1994845452231
2238,23.649598934999997,0.017372837944,-459.276009996914
2239,23.649598934999997,0.017824080488,-446.46303728332236
2240,23.649598934999997,0.018275323032,-434.7192180008459
2241,23.649598934999997,0.018726565576,-424.0050028135266
2242,23.649598934999997,0.01917780812,-414.2825471496814
2243,23.649598934999997,0.019629050664,-405.5156227460348
2244,23.649598934999997,0.020080293207999998,-397.6695346063756
2245,23.649598934999997,0.020531535752,-390.71104308051326
2246,23.649598934999997,0.020982778296,-384.60829060616214
2247,23.649598934999997,0.021434020839999998,-379.3307327706654
2248,23.649598934999997,0.021885263384,-374.84907352804345
2249,23.649598934999997,0.022336505928,-371.1352041257415
2250,23.649598934999997,0.022787748471999998,-368.16214558570135
2251,23.649598934999997,0.023238991016,-365.9039944662846
2252,23.649598934999997,0.02369023356,-364.3358716997351
2253,23.649598934999997,0.024141476103999998,-363.4338743110496
2254,23.649598934999997,0.024592718648,-363.1750297964076
2255,23.649598934999997,0.025043961192,-363.5372530242143
2256,23.649598934999997,0.025495203735999998,-364.49930548294674
2257,23.649598934999997,0.02594644628,-366.0407567265407
2258,23.649598934999997,0.026397688824,-368.14194789483275
2259,23.649598934999997,0.026848931367999998,-370.78395714586065
2260,23.649598934999997,0.027300173912,-373.9485669302117
2261,23.649598934999997,0.027751416456,-377.6182329614224
2262,23.649598934999997,0.028202658999999998,-381.77605478234665
2263,23.649598934999997,0.028653901544,-386.4057478319162
2264,23.649598934999997,0.029105144088,-391.49161697991394
2265,23.649598934999997,0.029556386631999998,-397.01853131764
2266,23.649598934999997,0.030007629176,-402.97190028984085
2267,23.649598934999997,0.03045887172,-409.33765092816435
2268,23.649598934999997,0.030910114263999998,-416.10220625118774
2269,23.649598934999997,0.031361356808,-423.2524647874897
2270,23.649598934999997,0.031812599351999996,-430.77578087169246
2271,23.649598934999997,0.032263841896,-438.659946152898
2272,23.649598934999997,0.03271508444,-446.8931718182058
2273,23.649598934999997,0.033166326983999996,-455.46407171724127
2274,23.649598934999997,0.033617569528,-464.36164616458166
2275,23.649598934999997,0.034068812072,-473.5752667830729
2276,23.649598934999997,0.034520054615999995,-483.0946616643261
2277,23.649598934999997,0.03497129716,-492.9099015295328
2278,23.649598934999997,0.035422539704,-503.011386346302
2279,23.649598934999997,0.035873782247999995,-513.3898326627236
2280,23.649598934999997,0.036325024792,-524.0362613043687
2281,23.649598934999997,0.036776267336,-534.941985992552
2282,23.649598934999997,0.037227509879999995,-546.0986020088362
2283,23.649598934999997,0.037678752424,-557.497975799977
2284,23.649598934999997,0.038129994968,-569.1322346783018
2285,23.649598934999997,0.038581237511999995,-580.9937571934387
2286,23.649598934999997,0.039032480056,-593.0751638390116
2287,23.649598934999997,0.0394837226,-605.3693081542617
2288,23.649598934999997,0.039934965143999995,-617.8692682591882
2289,23.649598934999997,0.040386207688,-630.56833859127
2290,23.649598934999997,0.040837450232,-643.4600223051309
2291,23.649598934999997,0.041288692775999995,-656.5380236029921
2292,23.649598934999997,0.04173993532,-669.7962406632016
2293,23.649598934999997,0.042191177864,-683.2287587311234
2294,23.649598934999997,0.042642420407999995,-696.8298436277735
2295,23.649598934999997,0.043093662952,-710.5939352229257
2296,23.649598934999997,0.043544905496,-724.515641649955
2297,23.649598934999997,0.043996148039999995,-738.5897332106842
2298,23.649598934999997,0.044447390584,-752.8111369978537
2299,23.649598934999997,0.044898633128,-767.174931425244
2300,24.700692220999997,0.000225621272,-2437.5893135304195
2301,24.700692220999997,0.000676863816,-2319.660507746898
2302,24.700692220999997,0.00112810636,-2207.52557112429
2303,24.700692220999997,0.001579348904,-2101.007146894695
2304,24.700692220999997,0.002030591448,-1999.8530519630413
2305,24.700692220999997,0.0024818339919999996,-1903.793916065819
2306,24.700692220999997,0.0029330765359999998,-1812.567836513271
2307,24.700692220999997,0.0033843190799999995,-1725.9263821095806
2308,24.700692220999997,0.0038355616239999996,-1643.6357767140223
2309,24.700692220999997,0.004286804168,-1565.476625605076
2310,24.700692220999997,0.004738046712,-1491.2431700102507
2311,24.700692220999997,0.0051892892559999996,-1420.7424046046378
2312,24.700692220999997,0.0056405318,-1353.7931832684333
2313,24.700692220999997,0.006091774344,-1290.2253614974868
2314,24.700692220999997,0.0065430168879999995,-1229.8789936202234
2315,24.700692220999997,0.006994259432,-1172.6035896757346
2316,24.700692220999997,0.007445501976,-1118.2574314653834
2317,24.700692220999997,0.007896744519999999,-1066.7069445409638
2318,24.700692220999997,0.008347987064,-1017.8261222352755
2319,24.700692220999997,0.008799229607999998,-971.4959973822465
2320,24.700692220999997,0.009250472151999999,-927.6041576541095
2321,24.700692220999997,0.009701714695999999,-886.044300485926
2322,24.700692220999997,0.010152957239999998,-846.715824037622
2323,24.700692220999997,0.010604199783999999,-809.523450890359
2324,24.700692220999997,0.011055442327999999,-774.3768814360576
2325,24.700692220999997,0.011506684871999998,-741.1904743390843
2326,24.700692220999997,0.011957927415999998,-709.8829515028954
2327,24.700692220999997,0.012409169959999999,-680.3771255533522
2328,24.700692220999997,0.012860412503999998,-652.599647554056
2329,24.700692220999997,0.013311655047999998,-626.4807735461059
2330,24.700692220999997,0.013762897591999999,-601.954147963399
2331,24.700692220999997,0.014214140135999998,-578.9566027104859
2332,24.700692220999997,0.014665382679999998,-557.4279704271125
2333,24.700692220999997,0.015116625223999999,-537.3109109844786
2334,24.700692220999997,0.015567867767999998,-518.5507497508684
2335,24.700692220999997,0.016019110312,-501.0953271487533
2336,24.700692220999997,0.016470352856,-484.8948582038569
2337,24.700692220999997,0.0169215954,-469.901801459306
2338,24.700692220999997,0.017372837944,-456.0707366066189
2339,24.700692220999997,0.017824080488,-443.35825001476184
2340,24.700692220999997,0.018275323032,-431.7228275831814
2341,24.700692220999997,0.018726565576,-421.12475445758923
2342,24.700692220999997,0.01917780812,-411.5260210265566
2343,24.700692220999997,0.019629050664,-402.89023475879975
2344,24.700692220999997,0.020080293207999998,-395.18253740893755
2345,24.700692220999997,0.020531535752,-388.36952732094113
2346,24.700692220999997,0.020982778296,-382.4191863593655
2347,24.700692220999997,0.021434020839999998,-377.30081115528816
2348,24.700692220999997,0.021885263384,-372.9849484678681
2349,24.700692220999997,0.022336505928,-369.4433342477035
2350,24.700692220999997,0.022787748471999998,-366.64883623190764
2351,24.700692220999997,0.023238991016,-364.5753998109024
2352,24.700692220999997,0.02369023356,-363.19799694812633
2353,24.700692220999997,0.024141476103999998,-362.4925779721976
2354,24.700692220999997,0.024592718648,-362.43602601696585
2355,24.700692220999997,0.025043961192,-363.00611397232655
2356,24.700692220999997,0.025495203735999998,-364.1814637737329
2357,24.700692220999997,0.02594644628,-365.9415078780734
2358,24.700692220999997,0.026397688824,-368.26645280792854
2359,24.700692220999997,0.026848931367999998,-371.1372446019575
2360,24.700692220999997,0.027300173912,-374.53553609527387
2361,24.700692220999997,0.027751416456,-378.4436558981878
2362,24.700692220999997,0.028202658999999998,-382.8445789562482
2363,24.700692220999997,0.028653901544,-387.72189861715225
2364,24.700692220999997,0.029105144088,-393.0598001462785
2365,24.700692220999997,0.029556386631999998,-398.8430355127804
2366,24.700692220999997,0.030007629176,-405.0568994946941
2367,24.700692220999997,0.03045887172,-411.68720689670266
2368,24.700692220999997,0.030910114263999998,-418.72027092624984
2369,24.700692220999997,0.031361356808,-426.1428826834431
2370,24.700692220999997,0.031812599351999996,-433.9422914429263
2371,24.700692220999997,0.032263841896,-442.10618611743695
2372,24.700692220999997,0.03271508444,-450.6226774572366
2373,24.700692220999997,0.033166326983999996,-459.48028113408463
2374,24.700692220999997,0.033617569528,-468.6679015252977
2375,24.700692220999997,0.034068812072,-478.17481650700233
2376,24.700692220999997,0.034520054615999995,-487.9906625774079
2377,24.700692220999997,0.03497129716,-498.1054209921019
2378,24.700692220999997,0.035422539704,-508.509404332296
2379,24.700692220999997,0.035873782247999995,-519.1932438044735
2380,24.700692220999997,0.036325024792,-530.1478769087707
2381,24.700692220999997,0.036776267336,-541.3645359988052
2382,24.700692220999997,0.037227509879999995,-552.8347369289522
2383,24.700692220999997,0.037678752424,-564.550268598706
2384,24.700692220999997,0.038129994968,-576.5031826359107
2385,24.700692220999997,0.038581237511999995,-588.6857837149178
2386,24.700692220999997,0.039032480056,-601.0906202347685
2387,24.700692220999997,0.0394837226,-613.7104753697874
2388,24.700692220999997,0.039934965143999995,-626.5383585852817
2389,24.700692220999997,0.040386207688,-639.5674973266639
2390,24.700692220999997,0.040837450232,-652.791329374943
2391,24.700692220999997,0.041288692775999995,-666.2034951483605
2392,24.700692220999997,0.04173993532,-679.7978306032007
2393,24.700692220999997,0.042191177864,-693.5683602842787
2394,24.700692220999997,0.042642420407999995,-707.509290773454
2395,24.700692220999997,0.043093662952,-721.6150041680764
2396,24.700692220999997,0.043544905496,-735.8800522412232
2397,24.700692220999997,0.043996148039999995,-750.2991503104395
2398,24.700692220999997,0.044447390584,-764.867171831045
2399,24.700692220999997,0.044898633128,-779.5791428971781
2400,25.751785506999997,0.000225621272,-2437.419153859257
2401,25.751785506999997,0.000676863816,-2319.2887179293484
2402,25.751785506999997,0.00112810636,-2206.9559920420625
2403,25.751785506999997,0.001579348904,-2100.2370241203057
2404,25.751785506999997,0.002030591448,-1998.88339002936
2405,25.751785506999997,0.0024818339919999996,-1902.6280154148626
2406,25.751785506999997,0.0029330765359999998,-1811.2104965077692
2407,25.751785506999997,0.0033843190799999995,-1724.3834789711311
2408,25.751785506999997,0.0038355616239999996,-1641.914009640869
2409,25.751785506999997,0.004286804168,-1563.5833454841213
2410,25.751785506999997,0.004738046712,-1489.1862534702564
2411,25.751785506999997,0.0051892892559999996,-1418.530155704969
2412,25.751785506999997,0.0056405318,-1351.4342535542205
2413,25.751785506999997,0.006091774344,-1287.728683221148
2414,25.751785506999997,0.0065430168879999995,-1227.2537229116497
2415,25.751785506999997,0.006994259432,-1169.8590575885555
2416,25.751785506999997,0.007445501976,-1115.4031014394332
2417,25.751785506999997,0.007896744519999999,-1063.7523752320371
2418,25.751785506999997,0.008347987064,-1014.780934903926
2419,25.751785506999997,0.008799229607999998,-968.3698472088836
2420,25.751785506999997,0.009250472151999999,-924.4067084672915
2421,25.751785506999997,0.009701714695999999,-882.7852024849592
2422,25.751785506999997,0.010152957239999998,-843.4046941507013
2423,25.751785506999997,0.010604199783999999,-806.1698554680709
2424,25.751785506999997,0.011055442327999999,-770.9903210233596
2425,25.751785506999997,0.011506684871999998,-737.780370283411
2426,25.751785506999997,0.011957927415999998,-706.4586342382133
2427,25.751785506999997,0.012409169959999999,-676.9478243298274
2428,25.751785506999997,0.012860412503999998,-649.1744815265768
2429,25.751785506999997,0.013311655047999998,-623.068744027751
2430,25.751785506999997,0.013762897591999999,-598.5641317624631
2431,25.751785506999997,0.014214140135999998,-575.5973464241029
2432,25.751785506999997,0.014665382679999998,-554.1080856077492
2433,25.751785506999997,0.015116625223999999,-534.0388700654739
2434,25.751785506999997,0.015567867767999998,-515.3348827044123
2435,25.751785506999997,0.016019110312,-497.9438187486138
2436,25.751785506999997,0.016470352856,-481.81574587021197
2437,25.751785506999997,0.0169215954,-466.90297361978946
2438,25.751785506999997,0.017372837944,-453.15993150912726
2439,25.751785506999997,0.017824080488,-440.5430549568833
2440,25.751785506999997,0.018275323032,-429.010678519588
2441,25.751785506999997,0.018726565576,-418.52293593990987
2442,25.751785506999997,0.01917780812,-409.0416664420282
2443,25.751785506999997,0.019629050664,-400.5303268336731
2444,25.751785506999997,0.020080293207999998,-392.9539089643096
2445,25.751785506999997,0.020531535752,-386.2788622290846
2446,25.751785506999997,0.020982778296,-380.47302069480804
2447,25.751785506999997,0.021434020839999998,-375.50553452302773
2448,25.751785506999997,0.021885263384,-371.3468054670074
2449,25.751785506999997,0.022336505928,-367.96842607720265
2450,25.751785506999997,0.022787748471999998,-365.3431224074888
2451,25.751785506999997,0.023238991016,-363.4446999824292
2452,25.751785506999997,0.02369023356,-362.2479928069177
2453,25.751785506999997,0.024141476103999998,-361.72881522867925
2454,25.751785506999997,0.024592718648,-361.8639164451099
2455,25.751785506999997,0.025043961192,-362.63093750653485
2456,25.751785506999997,0.025495203735999998,-364.0083706502692
2457,25.751785506999997,0.02594644628,-365.97552081137036
2458,25.751785506999997,0.026397688824,-368.5124691968515
2459,25.751785506999997,0.026848931367999998,-371.60003875392107
2460,25.751785506999997,0.027300173912,-375.21976147049867
2461,25.751785506999997,0.027751416456,-379.35384735735
2462,25.751785506999997,0.028202658999999998,-383.98515501470314
2463,25.751785506999997,0.028653901544,-389.09716370259724
2464,25.751785506999997,0.029105144088,-394.67394684396044
2465,25.751785506999997,0.029556386631999998,-400.70014680614935
2466,25.751785506999997,0.030007629176,-407.16095099319676
2467,25.751785506999997,0.03045887172,-414.0420690512379
2468,25.751785506999997,0.030910114263999998,-421.329711224626
2469,25.751785506999997,0.031361356808,-429.01056781800133
2470,25.751785506999997,0.031812599351999996,-437.0717894743956
2471,25.751785506999997,0.032263841896,-445.50096859486456
2472,25.751785506999997,0.03271508444,-454.28612152067893
2473,25.751785506999997,0.033166326983999996,-463.4156715915661
2474,25.751785506999997,0.033617569528,-472.87843290327686
2475,25.751785506999997,0.034068812072,-482.6635950481191
2476,25.751785506999997,0.034520054615999995,-492.76070824499914
2477,25.751785506999997,0.03497129716,-503.1596694161598
2478,25.751785506999997,0.035422539704,-513.8507087243457
2479,25.751785506999997,0.035873782247999995,-524.8243768538799
2480,25.751785506999997,0.036325024792,-536.0715326376607
2481,25.751785506999997,0.036776267336,-547.5833315687232
2482,25.751785506999997,0.037227509879999995,-559.3512144498877
2483,25.751785506999997,0.037678752424,-571.3668968621231
2484,25.751785506999997,0.038129994968,-583.622358842295
2485,25.751785506999997,0.038581237511999995,-596.1098351626636
2486,25.751785506999997,0.039032480056,-608.8218059596511
2487,25.751785506999997,0.0394837226,-621.7509877794923
2488,25.751785506999997,0.039934965143999995,-634.8903250219054
2489,25.751785506999997,0.040386207688,-648.2329816311012
2490,25.751785506999997,0.040837450232,-661.7723333960707
2491,25.751785506999997,0.041288692775999995,-675.5019602377943
2492,25.751785506999997,0.04173993532,-689.4156390535145
2493,25.751785506999997,0.042191177864,-703.5073367455459
2494,25.751785506999997,0.042642420407999995,-717.7712036541948
2495,25.751785506999997,0.043093662952,-732.2015669935392
2496,25.751785506999997,0.043544905496,-746.7929249528609
2497,25.751785506999997,0.043996148039999995,-761.5399405877613
2498,25.751785506999997,0.044447390584,-776.4374363518839
2499,25.751785506999997,0.044898633128,-791.4803885620224
2500,26.802878792999998,0.000225621272,-2437.2581380322517
2501,26.802878792999998,0.000676863816,-2318.9411198492126
2502,26.802878792999998,0.00112810636,-2206.4272313773295
2503,26.802878792999998,0.001579348904,-2099.5242109240107
2504,26.802878792999998,0.002030591448,-1997.9871665788926
2505,26.802878792999998,0.0024818339919999996,-1901.5512389258054
2506,26.802878792999998,0.0029330765359999998,-1809.9574695159465
2507,26.802878792999998,0.0033843190799999995,-1722.9595379431107
2508,26.802878792999998,0.0038355616239999996,-1640.3252783538983
2509,26.802878792999998,0.004286804168,-1561.8365698637756
2510,26.802878792999998,0.004738046712,-1487.2886811119854
2511,26.802878792999998,0.0051892892559999996,-1416.4894424585505
2512,26.802878792999998,0.0056405318,-1349.2583879649007
2513,26.802878792999998,0.006091774344,-1285.425923652192
2514,26.802878792999998,0.0065430168879999995,-1224.8325441716338
2515,26.802878792999998,0.006994259432,-1167.3281050374733
2516,26.802878792999998,0.007445501976,-1112.7711511347209
2517,26.802878792999998,0.007896744519999999,-1061.0282991167137
2518,26.802878792999998,0.008347987064,-1011.9736702587982
2519,26.802878792999998,0.008799229607999998,-965.4883697642599
2520,26.802878792999998,0.009250472151999999,-921.4600086890887
2521,26.802878792999998,0.009701714695999999,-879.7822646439495
2522,26.802878792999998,0.010152957239999998,-840.3544778415621
2523,26.802878792999998,0.010604199783999999,-803.0812792905756
2524,26.802878792999998,0.011055442327999999,-767.8722481923064
2525,26.802878792999998,0.011506684871999998,-734.6415959468733
2526,26.802878792999998,0.011957927415999998,-703.3078743361
2527,26.802878792999998,0.012409169959999999,-673.7937058141769
2528,26.802878792999998,0.012860412503999998,-646.025533828041
2529,26.802878792999998,0.013311655047999998,-619.9333916145708
2530,26.802878792999998,0.013762897591999999,-595.4506876996047
2531,26.802878792999998,0.014214140135999998,-572.514006829269
2532,26.802878792999998,0.014665382679999998,-551.0629249174287
2533,26.802878792999998,0.015116625223999999,-531.0398370133594
2534,26.802878792999998,0.015567867767999998,-512.3897969806247
2535,26.802878792999998,0.016019110312,-495.0603682291614
2536,26.802878792999998,0.016470352856,-479.0014843867355
2537,26.802878792999998,0.0169215954,-464.1653192223379
2538,26.802878792999998,0.017372837944,-450.5061651481706
2539,26.802878792999998,0.017824080488,-437.98031956112703
2540,26.802878792999998,0.018275323032,-426.5459784306336
2541,26.802878792999998,0.018726565576,-416.1631366632162
2542,26.802878792999998,0.01917780812,-406.7934946800036
2543,26.802878792999998,0.019629050664,-398.4003707756589
2544,26.802878792999998,0.020080293207999998,-390.94861881180015
2545,26.802878792999998,0.020531535752,-384.40455091892295
2546,26.802878792999998,0.020982778296,-378.7358648099076
2547,26.802878792999998,0.021434020839999998,-373.91157536999583
2548,26.802878792999998,0.021885263384,-369.90195029418703
2549,26.802878792999998,0.022336505928,-366.6784494225367
2550,26.802878792999998,0.022787748471999998,-364.2136675612058
2551,26.802878792999998,0.023238991016,-362.48128055046635
2552,26.802878792999998,0.02369023356,-361.4559943604973
2553,26.802878792999998,0.024141476103999998,-361.11349702860207
2554,26.802878792999998,0.024592718648,-361.43041323254965
2555,26.802878792999998,0.025043961192,-362.38426134878154
2556,26.802878792999998,0.025495203735999998,-363.9534128335438
2557,26.802878792999998,0.02594644628,-366.1170537726884
2558,26.802878792999998,0.026397688824,-368.8551484864074
2559,26.802878792999998,0.026848931367999998,-372.14840502446725
2560,26.802878792999998,0.027300173912,-375.9782424838174
2561,26.802878792999998,0.027751416456,-380.3267600033686
2562,26.802878792999998,0.028202658999999998,-385.1767073432507
2563,26.802878792999998,0.028653901544,-390.51145695428755
2564,26.802878792999998,0.029105144088,-396.3149774837929
2565,26.802878792999998,0.029556386631999998,-402.57180855254404
2566,26.802878792999998,0.030007629176,-409.267036838964
2567,26.802878792999998,0.03045887172,-416.38627327647794
2568,26.802878792999998,0.030910114263999998,-423.9156313993992
2569,26.802878792999998,0.031361356808,-431.8417067742664
2570,26.802878792999998,0.031812599351999996,-440.1515572862162
2571,26.802878792999998,0.032263841896,-448.8326845200475
2572,26.802878792999998,0.03271508444,-457.8730159202044
2573,26.802878792999998,0.033166326983999996,-467.2608878392069
2574,26.802878792999998,0.033617569528,-476.98502926775654
2575,26.802878792999998,0.034068812072,-487.0345465369466
2576,26.802878792999998,0.034520054615999995,-497.39890844094424
2577,26.802878792999998,0.03497129716,-508.06793227232515
2578,26.802878792999998,0.035422539704,-519.0317703452538
2579,26.802878792999998,0.035873782247999995,-530.2808972267082
2580,26.802878792999998,0.036325024792,-541.8060973620353
2581,26.802878792999998,0.036776267336,-553.5984535354837
2582,26.802878792999998,0.037227509879999995,-565.6493354971158
2583,26.802878792999998,0.037678752424,-577.9503894047748
2584,26.802878792999998,0.038129994968,-590.4935274664665
2585,26.802878792999998,0.038581237511999995,-603.2709181945585
2586,26.802878792999998,0.039032480056,-616.2749770015805
2587,26.802878792999998,0.0394837226,-629.4983572138741
2588,26.802878792999998,0.039934965143999995,-642.9339414843739
2589,26.802878792999998,0.040386207688,-656.574833477966
2590,26.802878792999998,0.040837450232,-670.4143500853082
2591,26.802878792999998,0.041288692775999995,-684.4460137405406
2592,26.802878792999998,0.04173993532,-698.663545202382
2593,26.802878792999998,0.042191177864,-713.0608565774296
2594,26.802878792999998,0.042642420407999995,-727.6320446814423
2595,26.802878792999998,0.043093662952,-742.3713845067173
2596,26.802878792999998,0.043544905496,-757.2733232420717
2597,26.802878792999998,0.043996148039999995,-772.3324741743675
2598,26.802878792999998,0.044447390584,-787.54361115336
2599,26.802878792999998,0.044898633128,-802.9016630779381
2600,27.853972079,0.000225621272,-2437.1053789843995
2601,27.853972079,0.000676863816,-2318.614923156156
2602,27.853972079,0.00112810636,-2205.9345978616984
2603,27.853972079,0.001579348904,-2098.8621636173407
2604,27.853972079,0.002030591448,-1997.1560337054514
2605,27.853972079,0.0024818339919999996,-1900.5534864789054
2606,27.853972079,0.0029330765359999998,-1808.796959675104
2607,27.853972079,0.0033843190799999995,-1721.641127974901
2608,27.853972079,0.0038355616239999996,-1638.854580599073
2609,27.853972079,0.004286804168,-1560.2197920310423
2610,27.853972079,0.004738046712,-1485.5325106255548
2611,27.853972079,0.0051892892559999996,-1414.6009573715587
2612,27.853972079,0.0056405318,-1347.2449852833947
2613,27.853972079,0.006091774344,-1283.2952599195512
2614,27.853972079,0.0065430168879999995,-1222.5924851728755
2615,27.853972079,0.006994259432,-1164.986682630898
2616,27.853972079,0.007445501976,-1110.3365258034123
2617,27.853972079,0.007896744519999999,-1058.5087272799296
2618,27.853972079,0.008347987064,-1009.3774755723275
2619,27.853972079,0.008799229607999998,-962.8239178623528
2620,27.853972079,0.009250472151999999,-918.7356848845203
2621,27.853972079,0.009701714695999999,-877.0064542228864
2622,27.853972079,0.010152957239999998,-837.5355486456423
2623,27.853972079,0.010604199783999999,-800.2275663059447
2624,27.853972079,0.011055442327999999,-764.9920399365716
2625,27.853972079,0.011506684871999998,-731.7431224501925
2626,27.853972079,0.011957927415999998,-700.399296545231
2627,27.853972079,0.012409169959999999,-670.8831062688666
2628,27.853972079,0.012860412503999998,-643.1209085021961
2629,27.853972079,0.013311655047999998,-617.0426427649884
2630,27.853972079,0.013762897591999999,-592.5816176595931
2631,27.853972079,0.014214140135999998,-569.6743126265069
2632,27.853972079,0.014665382679999998,-548.2601936635554
2633,27.853972079,0.015116625223999999,-528.2815419434404
2634,27.853972079,0.015567867767999998,-509.6832941414986
2635,27.853972079,0.016019110312,-492.4128936971323
2636,27.853972079,0.016470352856,-476.42015199624916
2637,27.853972079,0.0169215954,-461.6571187568549
2638,27.853972079,0.017372837944,-448.07796092593543
2639,27.853972079,0.017824080488,-435.6388493893392
2640,27.853972079,0.018275323032,-424.2978529115903
2641,27.853972079,0.018726565576,-414.014838784005
2642,27.853972079,0.01917780812,-404.75137968344677
2643,27.853972079,0.019629050664,-396.4706662667974
2644,27.853972079,0.020080293207999998,-389.13742509329546
2645,27.853972079,0.020531535752,-382.71784151920036
2646,27.853972079,0.020982778296,-377.1794871848311
2647,27.853972079,0.021434020839999998,-372.4912517731329
2648,27.853972079,0.021885263384,-368.6232787774748
2649,27.853972079,0.022336505928,-365.5469049673006
2650,27.853972079,0.022787748471999998,-363.2346033205839
2651,27.853972079,0.023238991016,-361.65992919059937
2652,27.853972079,0.02369023356,-360.7974694887818
2653,27.853972079,0.024141476103999998,-360.6227946951758
2654,27.853972079,0.024592718648,-361.1124135000851
2655,27.853972079,0.025043961192,-362.2437299183644
2656,27.853972079,0.025495203735999998,-363.99500271903327
2657,27.853972079,0.02594644628,-366.34530701745115
2658,27.853972079,0.026397688824,-369.274497910458
2659,27.853972079,0.026848931367999998,-372.7631760053314
2660,27.853972079,0.027300173912,-376.79265475511596
2661,27.853972079,0.027751416456,-381.34492946912707
2662,27.853972079,0.028202658999999998,-386.40264790832146
2663,27.853972079,0.028653901544,-391.9490823623423
2664,27.853972079,0.029105144088,-397.9681031557574
2665,27.853972079,0.029556386631999998,-404.4441534281551
2666,27.853972079,0.030007629176,-411.3622252082863
2667,27.853972079,0.03045887172,-418.7078366192092
2668,27.853972079,0.030910114263999998,-426.4670102101987
2669,27.853972079,0.031361356808,-434.62625235881575
2670,27.853972079,0.031812599351999996,-443.1725335787322
2671,27.853972079,0.032263841896,-452.0932698560105
2672,27.853972079,0.03271508444,-461.37630480620186
2673,27.853972079,0.033166326983999996,-471.00989269099585
2674,27.853972079,0.033617569528,-480.98268216438424
2675,27.853972079,0.034068812072,-491.28370089616885
2676,27.853972079,0.034520054615999995,-501.90234072817
2677,27.853972079,0.03497129716,-512.8283436545546
2678,27.853972079,0.035422539704,-524.0517883332046
2679,27.853972079,0.035873782247999995,-535.5630772718248
2680,27.853972079,0.036325024792,-547.3529244831433
2681,27.853972079,0.036776267336,-559.4123438378203
2682,27.853972079,0.037227509879999995,-571.7326377524787
2683,27.853972079,0.037678752424,-584.3053865269017
2684,27.853972079,0.038129994968,-597.1224380194959
2685,27.853972079,0.038581237511999995,-610.1758978356082
2686,27.853972079,0.039032480056,-623.4581199273487
2687,27.853972079,0.0394837226,-636.9616975594249
2688,27.853972079,0.039934965143999995,-650.6794546840944
2689,27.853972079,0.040386207688,-664.6044376542513
2690,27.853972079,0.040837450232,-678.7299073380921
2691,27.853972079,0.041288692775999995,-693.0493314604432
2692,27.853972079,0.04173993532,-707.5563773403974
2693,27.853972079,0.042191177864,-722.2449048911312
2694,27.853972079,0.042642420407999995,-737.1089599437671
2695,27.853972079,0.043093662952,-752.1427677176603
2696,27.853972079,0.043544905496,-767.3407267714891
2697,27.853972079,0.043996148039999995,-782.6974029286664
2698,27.853972079,0.044447390584,-798.2075236964649
2699,27.853972079,0.044898633128,-813.8659726962921
2700,28.905065365,0.000225621272,-2436.960118758362
2701,28.905065365,0.000676863816,-2318.3077489772613
2702,28.905065365,0.00112810636,-2205.4740847808985
2703,28.905065365,0.001579348904,-2098.245289713389
2704,28.905065365,0.002030591448,-1996.3828545807075
2705,28.905065365,0.0024818339919999996,-1899.6261213710636
2706,28.905065365,0.0029330765359999998,-1807.7188786501147
2707,28.905065365,0.0033843190799999995,-1720.4167608574219
2708,28.905065365,0.0038355616239999996,-1637.4890830466875
2709,28.905065365,0.004286804168,-1558.7188907200639
2710,28.905065365,0.004738046712,-1483.9023918850608
2711,28.905065365,0.0051892892559999996,-1412.848181947409
2712,28.905065365,0.0056405318,-1345.3764201071256
2713,28.905065365,0.006091774344,-1281.3180217773806
2714,28.905065365,0.0065430168879999995,-1220.5138931632919
2715,28.905065365,0.006994259432,-1162.8142174309924
2716,28.905065365,0.007445501976,-1108.077794385605
2717,28.905065365,0.007896744519999999,-1056.1714321235024
2718,28.905065365,0.008347987064,-1006.9693876475142
2719,28.905065365,0.008799229607999998,-960.3528528441982
2720,28.905065365,0.009250472151999999,-916.2094821313656
2721,28.905065365,0.009701714695999999,-874.4329582001819
2722,28.905065365,0.010152957239999998,-834.9225924739121
2723,28.905065365,0.010604199783999999,-797.5829571915662
2724,28.905065365,0.011055442327999999,-762.3235462805237
2725,28.905065365,0.011506684871999998,-729.0584624309051
2726,28.905065365,0.011957927415999998,-697.7061280562518
2727,28.905065365,0.012409169959999999,-668.1890180121911
2728,28.905065365,0.012860412503999998,-640.4334121928923
2729,28.905065365,0.013311655047999998,-614.3691662661072
2730,28.905065365,0.013762897591999999,-589.9294990006545
2731,28.905065365,0.014214140135999998,-567.0507947953627
2732,28.905065365,0.014665382679999998,-545.6724201197788
2733,28.905065365,0.015116625223999999,-525.7365527364141
2734,28.905065365,0.015567867767999998,-507.1880226488763
2735,28.905065365,0.016019110312,-489.97416384377397
2736,28.905065365,0.016470352856,-474.0446759643379
2737,28.905065365,0.0169215954,-459.3514951319563
2738,28.905065365,0.017372837944,-445.8486732092423
2739,28.905065365,0.017824080488,-433.4922648643413
2740,28.905065365,0.018275323032,-422.2402218346995
2741,28.905065365,0.018726565576,-412.05229385976816
2742,28.905065365,0.01917780812,-402.8899357895017
2743,28.905065365,0.019629050664,-394.71622041271274
2744,28.905065365,0.020080293207999998,-387.49575660067853
2745,28.905065365,0.020531535752,-381.1946123783723
2746,28.905065365,0.020982778296,-375.7802425833511
2747,28.905065365,0.021434020839999998,-371.22142078702177
2748,28.905065365,0.021885263384,-367.4881751867136
2749,28.905065365,0.022336505928,-364.55172819823946
2750,28.905065365,0.022787748471999998,-362.3844394985482
2751,28.905065365,0.023238991016,-360.95975228785636
2752,28.905065365,0.02369023356,-360.2521425603157
2753,28.905065365,0.024141476103999998,-360.237071185271
2754,28.905065365,0.024592718648,-360.8909386183005
2755,28.905065365,0.025043961192,-362.1910420727737
2756,28.905065365,0.025495203735999998,-364.11553499773777
2757,28.905065365,0.02594644628,-366.64338871564195
2758,28.905065365,0.026397688824,-369.754356087999
2759,28.905065365,0.026848931367999998,-373.42893708213825
2760,28.905065365,0.027300173912,-377.64834612327434
2761,28.905065365,0.027751416456,-382.39448112960525
2762,28.905065365,0.028202658999999998,-387.6498941184366
2763,28.905065365,0.028653901544,-393.3977633051832
2764,28.905065365,0.029105144088,-399.62186659432854
2765,28.905065365,0.029556386631999998,-406.3065563914879
2766,28.905065365,0.030007629176,-413.43673564893265
2767,28.905065365,0.03045887172,-420.9978350942577
2768,28.905065365,0.030910114263999998,-428.97579154977024
2769,28.905065365,0.031361356808,-437.35702729784936
2770,28.905065365,0.031812599351999996,-446.1284304326981
2771,28.905065365,0.032263841896,-455.277336149066
2772,28.905065365,0.03271508444,-464.7915088882111
2773,28.905065365,0.033166326983999996,-474.65912533338457
2774,28.905065365,0.033617569528,-484.8687581925507
2775,28.905065365,0.034068812072,-495.40936071266987
2776,28.905065365,0.034520054615999995,-506.27025191577167
2777,28.905065365,0.03497129716,-517.4411024807048
2778,28.905065365,0.035422539704,-528.9119212842102
2779,28.905065365,0.035873782247999995,-540.6730425273581
2780,28.905065365,0.036325024792,-552.7151134278301
2781,28.905065365,0.036776267336,-565.0290824672586
2782,28.905065365,0.037227509879999995,-577.6061881484877
2783,28.905065365,0.037678752424,-590.437948217493
2784,28.905065365,0.038129994968,-603.5161493937348
2785,28.905065365,0.038581237511999995,-616.8328374985083
2786,28.905065365,0.039032480056,-630.3803080198456
2787,28.905065365,0.0394837226,-644.1510970826685
2788,28.905065365,0.039934965143999995,-658.1379727838475
2789,28.905065365,0.040386207688,-672.3339268992389
2790,28.905065365,0.040837450232,-686.732166928068
2791,28.905065365,0.041288692775999995,-701.3261084622469
2792,28.905065365,0.04173993532,-716.1093678827042
2793,28.905065365,0.042191177864,-731.0757553274789
2794,28.905065365,0.042642420407999995,-746.2192679780367
2795,28.905065365,0.043093662952,-761.5340835736147
2796,28.905065365,0.043544905496,-777.0145542352318
2797,28.905065365,0.043996148039999995,-792.655200468038
2798,28.905065365,0.044447390584,-808.4507054767627
2799,28.905065365,0.044898633128,-824.395909647018
2800,29.956158650999996,0.000225621272,-2436.8217052039063
2801,29.956158650999996,0.000676863816,-2318.0175575047924
2802,29.956158650999996,0.00112810636,-2205.0422500197737
2803,29.956158650999996,0.001579348904,-2097.6687814966804
2804,29.956158650999996,0.002030591448,-1995.6614917598777
2805,29.956158650999996,0.0024818339919999996,-1898.761714714595
2806,29.956158650999996,0.0029330765359999998,-1806.7145475888037
2807,29.956158650999996,0.0033843190799999995,-1719.2765522917082
2808,29.956158650999996,0.0038355616239999996,-1636.2177430890601
2809,29.956158650999996,0.004286804168,-1557.321714295967
2810,29.956158650999996,0.004738046712,-1482.3851152111456
2811,29.956158650999996,0.0051892892559999996,-1411.2169007182797
2812,29.956158650999996,0.0056405318,-1343.6375243452903
2813,29.956158650999996,0.006091774344,-1279.4781422607848
2814,29.956158650999996,0.0065430168879999995,-1218.579856342928
2815,29.956158650999996,0.006994259432,-1160.793006892325
2816,29.956158650999996,0.007445501976,-1105.9765175096184
2817,29.956158650999996,0.007896744519999999,-1053.9972910205913
2818,29.956158650999996,0.008347987064,-1004.7296536597671
2819,29.956158650999996,0.008799229607999998,-958.0548440880291
2820,29.956158650999996,0.009250472151999999,-913.860543661217
2821,29.956158650999996,0.009701714695999999,-872.0404444479998
2822,29.956158650999996,0.010152957239999998,-832.4938516898915
2823,29.956158650999996,0.010604199783999999,-795.1253176512791
2824,29.956158650999996,0.011055442327999999,-759.8443040507227
2825,29.956158650999996,0.011506684871999998,-726.5648705352269
2826,29.956158650999996,0.011957927415999998,-695.2053868806454
2827,29.956158650999996,0.012409169959999999,-665.6882668284882
2828,29.956158650999996,0.012860412503999998,-637.9397216813884
2829,29.956158650999996,0.013311655047999998,-611.8895319414435
2830,29.956158650999996,0.013762897591999999,-587.4708354481611
2831,29.956158650999996,0.014214140135999998,-564.6199306396036
2832,29.956158650999996,0.014665382679999998,-543.2760936553693
2833,29.956158650999996,0.015116625223999999,-523.3814081553969
2834,29.956158650999996,0.015567867767999998,-504.8806068127869
2835,29.956158650999996,0.016019110312,-487.7209235445642
2836,29.956158650999996,0.016470352856,-471.85195562755274
2837,29.956158650999996,0.0169215954,-457.22553492214513
2838,29.956158650999996,0.017372837944,-443.7956075047604
2839,29.956158650999996,0.017824080488,-431.51812105532764
2840,29.956158650999996,0.018275323032,-420.350919426154
2841,29.956158650999996,0.018726565576,-410.25364384180773
2842,29.956158650999996,0.01917780812,-401.1876402511714
2843,29.956158650999996,0.019629050664,-393.1158723853373
2844,29.956158650999996,0.020080293207999998,-386.0028400938358
2845,29.956158650999996,0.020531535752,-379.8145025998355
2846,29.956158650999996,0.020982778296,-374.5182063228326
2847,29.956158650999996,0.021434020839999998,-370.08261694483883
2848,29.956158650999996,0.021885263384,-366.47765543630544
2849,29.956158650999996,0.022336505928,-363.6744377661663
2850,29.956158650999996,0.022787748471999998,-361.6452180508312
2851,29.956158650999996,0.023238991016,-360.36333491065517
2852,29.956158650999996,0.02369023356,-359.8031608247098
2853,29.956158650999996,0.024141476103999998,-359.94005428655487
2854,29.956158650999996,0.024592718648,-360.7503145809397
2855,29.956158650999996,0.025043961192,-362.21113901307996
2856,29.956158650999996,0.025495203735999998,-364.30058243678906
2857,29.956158650999996,0.02594644628,-366.99751893621755
2858,29.956158650999996,0.026397688824,-370.2816055278348
2859,29.956158650999996,0.026848931367999998,-374.1332477587341
2860,29.956158650999996,0.027300173912,-378.5335670880891
2861,29.956158650999996,0.027751416456,-383.4643699384738
2862,29.956158650999996,0.028202658999999998,-388.90811832453045
2863,29.956158650999996,0.028653901544,-394.8479019616514
2864,29.956158650999996,0.029105144088,-401.26741176929994
2865,29.956158650999996,0.029556386631999998,-408.1509146859574
2866,29.956158650999996,0.030007629176,-415.48322972521754
2867,29.956158650999996,0.03045887172,-423.24970519078124
2868,29.956158650999996,0.030910114263999998,-431.4361970102243
2869,29.956158650999996,0.031361356808,-440.0290480861375
2870,29.956158650999996,0.031812599351999996,-449.0150686461214
2871,29.956158650999996,0.032263841896,-458.3815175129411
2872,29.956158650999996,0.03271508444,-468.11608425746846
2873,29.956158650999996,0.033166326983999996,-478.2068721729469
2874,29.956158650999996,0.033617569528,-488.6423820350664
2875,29.956158650999996,0.034068812072,-499.4114966288246
2876,29.956158650999996,0.034520054615999995,-510.50346593616126
2877,29.956158650999996,0.03497129716,-521.9078930307246
2878,29.956158650999996,0.035422539704,-533.6147205782438
2879,29.956158650999996,0.035873782247999995,-545.6142179662143
2880,29.956158650999996,0.036325024792,-557.8969689615801
2881,29.956158650999996,0.036776267336,-570.4538599482435
2882,29.956158650999996,0.037227509879999995,-583.2760686523814
2883,29.956158650999996,0.037678752424,-596.3550533630244
2884,29.956158650999996,0.038129994968,-609.6825426267542
2885,29.956158650999996,0.038581237511999995,-623.2505253562335
2886,29.956158650999996,0.039032480056,-637.0512413858523
2887,29.956158650999996,0.0394837226,-651.0771724085414
2888,29.956158650999996,0.039934965143999995,-665.3210332901398
2889,29.956158650999996,0.040386207688,-679.7757637701322
2890,29.956158650999996,0.040837450232,-694.4345204526137
2891,29.956158650999996,0.041288692775999995,-709.2906691983487
2892,29.956158650999996,0.04173993532,-724.3377777559774
2893,29.956158650999996,0.042191177864,-739.5696087438055
2894,29.956158650999996,0.042642420407999995,-754.9801128880874
2895,29.956158650999996,0.043093662952,-770.5634225347217
2896,29.956158650999996,0.043544905496,-786.3138454343858
2897,29.956158650999996,0.043996148039999995,-802.2258587477875
2898,29.956158650999996,0.044447390584,-818.294103324132
2899,29.956158650999996,0.044898633128,-834.513378155659
2900,31.007251936999996,0.000225621272,-2436.689573512176
2901,31.007251936999996,0.000676863816,-2317.742590307816
2902,31.007251936999996,0.00112810636,-2204.6361204543646
2903,31.007251936999996,0.001579348904,-2097.1284833425207
2904,31.007251936999996,0.002030591448,-1994.9866383842252
2905,31.007251936999996,0.0024818339919999996,-1897.9538415906104
2906,31.007251936999996,0.0029330765359999998,-1805.7764593931367
2907,31.007251936999996,0.0033843190799999995,-1718.2119515119257
2908,31.007251936999996,0.0038355616239999996,-1635.0310071002875
2909,31.007251936999996,0.004286804168,-1556.0177489865898
2910,31.007251936999996,0.004738046712,-1480.9692509122503
2911,31.007251936999996,0.0051892892559999996,-1409.6948134597028
2912,31.007251936999996,0.0056405318,-1342.0151734695974
2913,31.007251936999996,0.006091774344,-1277.7617193170422
2914,31.007251936999996,0.0065430168879999995,-1216.7757422278164
2915,31.007251936999996,0.006994259432,-1158.9077352772053
2916,31.007251936999996,0.007445501976,-1104.0167432667483
2917,31.007251936999996,0.007896744519999999,-1051.9697627080316
2918,31.007251936999996,0.008347987064,-1002.6411894078481
2919,31.007251936999996,0.008799229607999998,-955.9123103518657
2920,31.007251936999996,0.009250472151999999,-911.6708364585329
2921,31.007251936999996,0.009701714695999999,-869.8104727348771
2922,31.007251936999996,0.010152957239999998,-830.2305226197723
2923,31.007251936999996,0.010604199783999999,-792.8355234948363
2924,31.007251936999996,0.011055442327999999,-757.534910580722
2925,31.007251936999996,0.011506684871999998,-724.2427067193664
2926,31.007251936999996,0.011957927415999998,-692.8772357448591
2927,31.007251936999996,0.012409169959999999,-663.3608573612274
2928,31.007251936999996,0.012860412503999998,-635.6197216826354
2929,31.007251936999996,0.013311655047999998,-609.5835417105154
2930,31.007251936999996,0.013762897591999999,-585.185382239936
2931,31.007251936999996,0.014214140135999998,-562.361463803501
2932,31.007251936999996,0.014665382679999998,-541.0509803984836
2933,31.007251936999996,0.015116625223999999,-521.1959298674024
2934,31.007251936999996,0.015567867767999998,-502.7409558975996
2935,31.007251936999996,0.016019110312,-485.6332007195546
2936,31.007251936999996,0.016470352856,-469.8221676366499
2937,31.007251936999996,0.0169215954,-455.25959263066187
2938,31.007251936999996,0.017372837944,-441.89932433512587
2939,31.007251936999996,0.017824080488,-429.6972117393479
2940,31.007251936999996,0.018275323032,-418.6109990406549
2941,31.007251936999996,0.018726565576,-408.60022709646074
2942,31.007251936999996,0.01917780812,-399.6261410182653
2943,31.007251936999996,0.019629050664,-391.6516034290514
2944,31.007251936999996,0.020080293207999998,-384.6410130025527
2945,31.007251936999996,0.020531535752,-378.5602278832244
2946,31.007251936999996,0.020982778296,-373.3764936699629
2947,31.007251936999996,0.021434020839999998,-369.05837562095263
2948,31.007251936999996,0.021885263384,-365.5756948082356
2949,31.007251936999996,0.022336505928,-362.89946794277813
2950,31.007251936999996,0.022787748471999998,-361.0018506246031
2951,31.007251936999996,0.023238991016,-359.85608379263334
2952,31.007251936999996,0.02369023356,-359.4364431613013
2953,31.007251936999996,0.024141476103999998,-359.7181914501221
2954,31.007251936999996,0.024592718648,-360.6775332248939
2955,31.007251936999996,0.025043961192,-362.29157218445374
2956,31.007251936999996,0.025495203735999998,-364.53827073949736
2957,31.007251936999996,0.02594644628,-367.3964117378686
2958,31.007251936999996,0.026397688824,-370.84556220528896
2959,31.007251936999996,0.026848931367999998,-374.8660389763184
2960,31.007251936999996,0.027300173912,-379.4388761027098
2961,31.007251936999996,0.027751416456,-384.5457939293678
2962,31.007251936999996,0.028202658999999998,-390.16916974079504
2963,31.007251936999996,0.028653901544,-396.29200988653355
2964,31.007251936999996,0.029105144088,-402.89792329517496
2965,31.007251936999996,0.029556386631999998,-409.97109629597486
2966,31.007251936999996,0.030007629176,-417.4962686864741
2967,31.007251936999996,0.03045887172,-425.45871094387275
2968,31.007251936999996,0.030910114263999998,-433.8442025618448
2969,31.007251936999996,0.031361356808,-442.63901140204746
2970,31.007251936999996,0.031812599351999996,-451.82987403687173
2971,31.007251936999996,0.032263841896,-461.40397701502155
2972,31.007251936999996,0.03271508444,-471.3489390102157
2973,31.007251936999996,0.033166326983999996,-481.65279378002316
2974,31.007251936999996,0.033617569528,-492.303973923381
2975,31.007251936999996,0.034068812072,-503.2912953911571
2976,31.007251936999996,0.034520054615999995,-514.6039426624709
2977,31.007251936999996,0.03497129716,-526.2314546214118
2978,31.007251936999996,0.035422539704,-538.1637110569791
2979,31.007251936999996,0.035873782247999995,-550.3909197584592
2980,31.007251936999996,0.036325024792,-562.9036041714351
2981,31.007251936999996,0.036776267336,-575.6925916114076
2982,31.007251936999996,0.037227509879999995,-588.7490019728681
2983,31.007251936999996,0.037678752424,-602.0642369441885
2984,31.007251936999996,0.038129994968,-615.6299696594815
2985,31.007251936999996,0.038581237511999995,-629.4381348083485
2986,31.007251936999996,0.039032480056,-643.4809191761926
2987,31.007251936999996,0.0394837226,-657.7507525391725
2988,31.007251936999996,0.039934965143999995,-672.240298990974
2989,31.007251936999996,0.040386207688,-686.942448587419
2990,31.007251936999996,0.040837450232,-701.850309358186
2991,31.007251936999996,0.041288692775999995,-716.9571996414275
2992,31.007251936999996,0.04173993532,-732.2566407340937
2993,31.007251936999996,0.042191177864,-747.7423498113969
2994,31.007251936999996,0.042642420407999995,-763.4082331895277
2995,31.007251936999996,0.043093662952,-779.2483797846003
2996,31.007251936999996,0.043544905496,-795.2570548945616
2997,31.007251936999996,0.043996148039999995,-811.4286941841926
2998,31.007251936999996,0.044447390584,-827.7578979369184
2999,31.007251936999996,0.044898633128,-844.2394255022409
3000,32.058345222999996,0.000225621272,-2436.5632314660015
3001,32.058345222999996,0.000676863816,-2317.4813239931705
3002,32.058345222999996,0.00112810636,-2204.253115119732
3003,32.058345222999996,0.001579348904,-2096.620785065864
3004,32.058345222999996,0.002030591448,-1994.3536824710377
3005,32.058345222999996,0.0024818339919999996,-1897.1969171361864
3006,32.058345222999996,0.0029330765359999998,-1804.8980875326188
3007,32.058345222999996,0.0033843190799999995,-1717.2155238165644
3008,32.058345222999996,0.0038355616239999996,-1633.9205677232605
3009,32.058345222999996,0.004286804168,-1554.7978519836088
3010,32.058345222999996,0.004738046712,-1479.644859291235
3011,32.058345222999996,0.0051892892559999996,-1408.2712232035353
3012,32.058345222999996,0.0056405318,-1340.4979536262135
3013,32.058345222999996,0.006091774344,-1276.156663127529
3014,32.058345222999996,0.0065430168879999995,-1215.0888262553865
3015,32.058345222999996,0.006994259432,-1157.1450846295302
3016,32.058345222999996,0.007445501976,-1102.184601600364
3017,32.058345222999996,0.007896744519999999,-1050.074466139571
3018,32.058345222999996,0.008347987064,-1000.6891436428518
3019,32.058345222999996,0.008799229607999998,-953.9099705549424
3020,32.058345222999996,0.009250472151999999,-909.6246894654457
3021,32.058345222999996,0.009701714695999999,-867.7270212844016
3022,32.058345222999996,0.010152957239999998,-828.116271375116
3023,32.058345222999996,0.010604199783999999,-790.6969666137497
3024,32.058345222999996,0.011055442327999999,-755.3785206737873
3025,32.058345222999996,0.011506684871999998,-722.0749250398551
3026,32.058345222999996,0.011957927415999998,-690.704463472422
3027,32.058345222999996,0.012409169959999999,-661.1894478716908
3028,32.058345222999996,0.012860412503999998,-633.4559737002105
3029,32.058345222999996,0.013311655047999998,-607.4336932532185
3030,32.058345222999996,0.013762897591999999,-583.055605280967
3031,32.058345222999996,0.014214140135999998,-560.2578595854052
3032,32.058345222999996,0.014665382679999998,-538.9795753207868
3033,32.058345222999996,0.015116625223999999,-519.1626719177843
3034,32.058345222999996,0.015567867767999998,-500.7517115488892
3035,32.058345222999996,0.016019110312,-483.69375227663005
3036,32.058345222999996,0.016470352856,-467.93821096658394
3037,32.058345222999996,0.0169215954,-453.43673525601986
3038,32.058345222999996,0.017372837944,-440.1430838553632
3039,32.058345222999996,0.017824080488,-428.01301454384117
3040,32.058345222999996,0.018275323032,-417.0041792921891
3041,32.058345222999996,0.018726565576,-407.07602596100526
3042,32.058345222999996,0.01917780812,-398.18970611025605
3043,32.058345222999996,0.019629050664,-390.3079884693949
3044,32.058345222999996,0.020080293207999998,-383.39517764502904
3045,32.058345222999996,0.020531535752,-377.41703771707074
3046,32.058345222999996,0.020982778296,-372.3407203683072
3047,32.058345222999996,0.021434020839999998,-368.13469722386304
3048,32.058345222999996,0.021885263384,-364.7686961324483
3049,32.058345222999996,0.022336505928,-362.2136410976896
3050,32.058345222999996,0.022787748471999998,-360.4415956302875
3051,32.058345222999996,0.023238991016,-359.4257092872988
3052,32.058345222999996,0.02369023356,-359.14016718787275
3053,32.058345222999996,0.024141476103999998,-359.56014231608225
3054,32.058345222999996,0.024592718648,-360.66175042502266
3055,32.058345222999996,0.025043961192,-362.4220073818237
3056,32.058345222999996,0.025495203735999998,-364.8187887952888
3057,32.058345222999996,0.02594644628,-367.8307917844484
3058,32.058345222999996,0.026397688824,-371.43749876252417
3059,32.058345222999996,0.026848931367999998,-375.61914309432996
3060,32.058345222999996,0.027300173912,-380.3566765406576
3061,32.058345222999996,0.027751416456,-385.63173835414506
3062,32.058345222999996,0.028202658999999998,-391.42662594650625
3063,32.058345222999996,0.028653901544,-397.72426703075394
3064,32.058345222999996,0.029105144088,-404.50819315491117
3065,32.058345222999996,0.029556386631999998,-411.76251452014907
3066,32.058345222999996,0.030007629176,-419.47189607387537
3067,32.058345222999996,0.03045887172,-427.621534709023
3068,32.058345222999996,0.030910114263999998,-436.19713761466795
3069,32.058345222999996,0.031361356808,-445.18490162453605
3070,32.058345222999996,0.031812599351999996,-454.57149355597613
3071,32.058345222999996,0.032263841896,-464.3440314790569
3072,32.058345222999996,0.03271508444,-474.4900668522992
3073,32.058345222999996,0.033166326983999996,-484.9975674778773
3074,32.058345222999996,0.033617569528,-495.85490125125443
3075,32.058345222999996,0.034068812072,-507.0508206675203
3076,32.058345222999996,0.034520054615999995,-518.5744479781588
3077,32.058345222999996,0.03497129716,-530.4152610653058
3078,32.058345222999996,0.035422539704,-542.5630799205851
3079,32.058345222999996,0.035873782247999995,-555.0080537443994
3080,32.058345222999996,0.036325024792,-567.7406485642578
3081,32.058345222999996,0.036776267336,-580.7516354465837
3082,32.058345222999996,0.037227509879999995,-594.0320792076209
3083,32.058345222999996,0.037678752424,-607.5733275708831
3084,32.058345222999996,0.038129994968,-621.3670008499947
3085,32.058345222999996,0.038581237511999995,-635.4049820251926
3086,32.058345222999996,0.039032480056,-649.6794072306025
3087,32.058345222999996,0.0394837226,-664.1826567039031
3088,32.058345222999996,0.039934965143999995,-678.9073460213181
3089,32.058345222999996,0.040386207688,-693.8463177971507
3090,32.058345222999996,0.040837450232,-708.9926336108208
3091,32.058345222999996,0.041288692775999995,-724.3395663800013
3092,32.058345222999996,0.04173993532,-739.880592942415
3093,32.058345222999996,0.042191177864,-755.6093870202449
3094,32.058345222999996,0.042642420407999995,-771.5198123932898
3095,32.058345222999996,0.043093662952,-787.6059163948403
3096,32.058345222999996,0.043544905496,-803.8619236632783
3097,32.058345222999996,0.043996148039999995,-820.2822300981227
3098,32.058345222999996,0.044447390584,-836.8613970820363
3099,32.058345222999996,0.044898633128,-853.5941459678876
3100,33.109438509,0.000225621272,-2436.4422475692736
3101,33.109438509,0.000676863816,-2317.2324326965095
3102,33.109438509,0.00112810636,-2203.890982986458
3103,33.109438509,0.001579348904,-2096.142535531593
3104,33.109438509,0.002030591448,-1993.758596968081
3105,33.109438509,0.0024818339919999996,-1896.4860637290826
3106,33.109438509,0.0029330765359999998,-1804.0737311086336
3107,33.109438509,0.0033843190799999995,-1716.2807743128733
3108,33.109438509,0.0038355616239999996,-1632.8791671319036
3109,33.109438509,0.004286804168,-1553.6540350903608
3110,33.109438509,0.004738046712,-1478.4032555634742
3111,33.109438509,0.0051892892559999996,-1406.9367833108458
3112,33.109438509,0.0056405318,-1339.0758917727865
3113,33.109438509,0.006091774344,-1274.6524101887162
3114,33.109438509,0.0065430168879999995,-1213.5079907176498
3115,33.109438509,0.006994259432,-1155.4934194200519
3116,33.109438509,0.007445501976,-1100.467975547021
3117,33.109438509,0.007896744519999999,-1048.2988391568829
3118,33.109438509,0.008347987064,-998.860545012566
3119,33.109438509,0.008799229607999998,-952.0344798065269
3120,33.109438509,0.009250472151999999,-907.7084194812151
3121,33.109438509,0.009701714695999999,-865.7761033281146
3122,33.109438509,0.010152957239999998,-826.1368417977105
3123,33.109438509,0.010604199783999999,-788.695155038823
3124,33.109438509,0.011055442327999999,-753.3604394830388
3125,33.109438509,0.011506684871999998,-720.0466600245102
3126,33.109438509,0.011957927415999998,-688.6720655130288
3127,33.109438509,0.012409169959999999,-659.1589255504862
3128,33.109438509,0.012860412503999998,-631.4332867387964
3129,33.109438509,0.013311655047999998,-605.4247467027285
3130,33.109438509,0.013762897591999999,-581.0662443887147
3131,33.109438509,0.014214140135999998,-558.2938652653019
3132,33.109438509,0.014665382679999998,-537.0466601819152
3133,33.109438509,0.015116625223999999,-517.2664767876038
3134,33.109438509,0.015567867767999998,-498.89780245581886
3135,33.109438509,0.016019110312,-481.88761783351026
3136,33.109438509,0.016470352856,-466.18526013692065
3137,33.109438509,0.0169215954,-451.742295454922
3138,33.109438509,0.017372837944,-438.5123993614809
3139,33.109438509,0.017824080488,-426.451245189816
3140,33.109438509,0.018275323032,-415.5163994090272
3141,33.109438509,0.018726565576,-405.6672235597905
3142,33.109438509,0.01917780812,-396.86478226776524
3143,33.109438509,0.019629050664,-389.071756910651
3144,33.109438509,0.020080293207999998,-382.2523644980358
3145,33.109438509,0.020531535752,-376.37228142644915
3146,33.109438509,0.020982778296,-371.39857175242304
3147,33.109438509,0.021434020839999998,-367.29961966323503
3148,33.109438509,0.021885263384,-364.0450658725459
3149,33.109438509,0.022336505928,-361.6057476636476
3150,33.109438509,0.022787748471999998,-359.9536423342412
3151,33.109438509,0.023238991016,-359.0618138240689
3152,33.109438509,0.02369023356,-358.904362308719
3153,33.109438509,0.024141476103999998,-359.4563765722553
3154,33.109438509,0.024592718648,-360.6938889746114
3155,33.109438509,0.025043961192,-362.5938328526193
3156,33.109438509,0.025495203735999998,-365.13400219654693
3157,33.109438509,0.02594644628,-368.29301346460414
3158,33.109438509,0.026397688824,-372.0502694031483
3159,33.109438509,0.026848931367999998,-376.3859247408664
3160,33.109438509,0.027300173912,-381.2808536600226
3161,33.109438509,0.027751416456,-386.7166189184575
3162,33.109438509,0.028202658999999998,-392.6754425398047
3163,33.109438509,0.028653901544,-399.14017797270293
3164,33.109438509,0.029105144088,-406.09428363770417
3165,33.109438509,0.029556386631999998,-413.52179775951896
3166,33.109438509,0.030007629176,-421.4073144691817
3167,33.109438509,0.03045887172,-429.7359610085287
3168,33.109438509,0.030910114263999998,-438.4933760870325
3169,33.109438509,0.031361356808,-447.6656892322018
3170,33.109438509,0.031812599351999996,-457.23950112531674
3171,33.109438509,0.032263841896,-467.20186487608555
3172,33.109438509,0.03271508444,-477.54026814685284
3173,33.109438509,0.033166326983999996,-488.24261611352273
3174,33.109438509,0.033617569528,-499.2972152009698
3175,33.109438509,0.034068812072,-510.69275758502306
3176,33.109438509,0.034520054615999995,-522.4183063429684
3177,33.109438509,0.03497129716,-534.4632813146095
3178,33.109438509,0.035422539704,-546.8174455782964
3179,33.109438509,0.035873782247999995,-559.4708925267423
3180,33.109438509,0.036325024792,-572.4140334927513
3181,33.109438509,0.036776267336,-585.6375859269663
3182,33.109438509,0.037227509879999995,-599.1325621151304
3183,33.109438509,0.037678752424,-612.890258309767
3184,33.109438509,0.038129994968,-626.9022444053267
3185,33.109438509,0.038581237511999995,-641.1603539931971
3186,33.109438509,0.039032480056,-655.6566748456901
3187,33.109438509,0.0394837226,-670.3835398453697
3188,33.109438509,0.039934965143999995,-685.3335182057267
3189,33.109438509,0.040386207688,-700.4994071458154
3190,33.109438509,0.040837450232,-715.8742238193665
3191,33.109438509,0.041288692775999995,-731.4511976662677
3192,33.109438509,0.04173993532,-747.2237629589366
3193,33.109438509,0.042191177864,-763.185551782843
3194,33.109438509,0.042642420407999995,-779.3303871814801
3195,33.109438509,0.043093662952,-795.6522766245073
3196,33.109438509,0.043544905496,-812.1454057536653
3197,33.109438509,0.043996148039999995,-828.8041323245973
3198,33.109438509,0.044447390584,-845.6229804207815
3199,33.109438509,0.044898633128,-862.5966348995103
3200,34.160531795,0.000225621272,-2436.326241425382
3201,34.160531795,0.000676863816,-2316.994757501487
3202,34.160531795,0.00112810636,-2203.54775220687
3203,34.160531795,0.001579348904,-2095.6909721724705
3204,34.160531795,0.002030591448,-1993.197850038079
3205,34.160531795,0.0024818339919999996,-1895.8170025934166
3206,34.160531795,0.0029330765359999998,-1803.298388395478
3207,34.160531795,0.0033843190799999995,-1715.4020040422988
3208,34.160531795,0.0038355616239999996,-1631.9004364235734
3209,34.160531795,0.004286804168,-1552.5792880868773
3210,34.160531795,0.004738046712,-1477.236817913953
3211,34.160531795,0.0051892892559999996,-1405.6832909633013
3212,34.160531795,0.0056405318,-1337.7402353307402
3213,34.160531795,0.006091774344,-1273.2396898738043
3214,34.160531795,0.0065430168879999995,-1212.0234789430747
3215,34.160531795,0.006994259432,-1153.9425290957015
3216,34.160531795,0.007445501976,-1098.8562328469363
3217,34.160531795,0.007896744519999999,-1046.63185988116
3218,34.160531795,0.008347987064,-997.144013912271
3219,34.160531795,0.008799229607999998,-950.2741323916109
3220,34.160531795,0.009250472151999999,-905.9100259435713
3221,34.160531795,0.009701714695999999,-863.9454543029142
3222,34.160531795,0.010152957239999998,-824.2797357074461
3223,34.160531795,0.010604199783999999,-786.8173868395489
3224,34.160531795,0.011055442327999999,-751.4677906453508
3225,34.160531795,0.011506684871999998,-718.1448896097475
3226,34.160531795,0.011957927415999998,-686.7669022265324
3227,34.160531795,0.012409169959999999,-657.2560606712434
3228,34.160531795,0.012860412503999998,-629.5383678343389
3229,34.160531795,0.013311655047999998,-603.5433720492479
3230,34.160531795,0.013762897591999999,-579.20395802946
3231,34.160531795,0.014214140135999998,-556.456152644414
3232,34.160531795,0.014665382679999998,-535.2389442985233
3233,34.160531795,0.015116625223999999,-515.4941148227808
3234,34.160531795,0.015567867767999998,-497.16608282792413
3235,34.160531795,0.016019110312,-480.20175763995974
3236,34.160531795,0.016470352856,-464.5504029541258
3237,34.160531795,0.0169215954,-450.16350945448966
3238,34.160531795,0.017372837944,-436.99467572122995
3239,34.160531795,0.017824080488,-424.99949677167746
3240,34.160531795,0.018275323032,-414.13545967849217
3241,34.160531795,0.018726565576,-404.3618457235221
3242,34.160531795,0.01917780812,-395.63963861636313
3243,34.160531795,0.019629050664,-387.9314383421121
3244,34.160531795,0.020080293207999998,-381.2013802062341
3245,34.160531795,0.020531535752,-375.41505874413554
3246,34.160531795,0.020982778296,-370.5394561287565
3247,34.160531795,0.021434020839999998,-366.5428747684214
3248,34.160531795,0.021885263384,-363.39487381563856
3249,34.160531795,0.022336505928,-361.0662093119208
3250,34.160531795,0.022787748471999998,-359.5287777272238
3251,34.160531795,0.023238991016,-358.75556267104633
3252,34.160531795,0.02369023356,-358.7205845625745
3253,34.160531795,0.024141476103999998,-359.3988530711759
3254,34.160531795,0.024592718648,-360.7663221459375
3255,34.160531795,0.025043961192,-362.79984747112326
3256,34.160531795,0.025495203735999998,-365.4771461920081
3257,34.160531795,0.02594644628,-368.7767587745056
3258,34.160531795,0.026397688824,-372.6780128608191
3259,34.160531795,0.026848931367999998,-377.1609890020465
3260,34.160531795,0.027300173912,-382.2064881536454
3261,34.160531795,0.027751416456,-387.7960008310592
3262,34.160531795,0.028202658999999998,-393.9116778142665
3263,34.160531795,0.028653901544,-400.53630233191615
3264,34.160531795,0.029105144088,-407.6532636178049
3265,34.160531795,0.029556386631999998,-415.246531766259
3266,34.160531795,0.030007629176,-423.3006338324589
3267,34.160531795,0.03045887172,-431.8006310567135
3268,34.160531795,0.030910114263999998,-440.73209721727903
3269,34.160531795,0.031361356808,-450.081097991153
3270,34.160531795,0.031812599351999996,-459.83417129027816
3271,34.160531795,0.032263841896,-469.9783085333539
3272,34.160531795,0.03271508444,-480.50093677328204
3273,34.160531795,0.033166326983999996,-491.38990165386383
3274,34.160531795,0.033617569528,-502.63345114038134
3275,34.160531795,0.034068812072,-514.2202200142834
3276,34.160531795,0.034520054615999995,-526.1392150211548
3277,34.160531795,0.03497129716,-538.3798007267015
3278,34.160531795,0.035422539704,-550.9316859792414
3279,34.160531795,0.035873782247999995,-563.784910972577
3280,34.160531795,0.036325024792,-576.9298348721818
3281,34.160531795,0.036776267336,-590.3571239879868
3282,34.160531795,0.037227509879999995,-604.0577404496925
3283,34.160531795,0.037678752424,-618.0229313667764
3284,34.160531795,0.038129994968,-632.2442184643744
3285,34.160531795,0.038581237511999995,-646.7133881328398
3286,34.160531795,0.039032480056,-661.4224819124611
3287,34.160531795,0.0394837226,-676.3637873755007
3288,34.160531795,0.039934965143999995,-691.5298293843148
3289,34.160531795,0.040386207688,-706.9133616971915
3290,34.160531795,0.040837450232,-722.5073589312924
3291,34.160531795,0.041288692775999995,-738.3050088578827
3292,34.160531795,0.04173993532,-754.2997049806039
3293,34.160531795,0.042191177864,-770.4850394624175
3294,34.160531795,0.042642420407999995,-786.8547962651937
3295,34.160531795,0.043093662952,-803.4029446249276
3296,34.160531795,0.043544905496,-820.1236327596944
3297,34.160531795,0.043996148039999995,-837.0111817989034
3298,34.160531795,0.044447390584,-854.0600800082411
3299,34.160531795,0.044898633128,-871.2649771805081
3300,35.211625080999994,0.000225621272,-2436.2148758897715
3301,35.211625080999994,0.000676863816,-2316.7672813411486
3302,35.211625080999994,0.00112810636,-2203.2216884364825
3303,35.211625080999994,0.001579348904,-2095.2636630978773
3304,35.211625080999994,0.002030591448,-1992.6683313564986
3305,35.211625080999994,0.0024818339919999996,-1895.1859647446113
3306,35.211625080999994,0.0029330765359999998,-1802.5676529256916
3307,35.211625080999994,0.0033843190799999995,-1714.574191743532
3308,35.211625080999994,0.0038355616239999996,-1630.9787636202286
3309,35.211625080999994,0.004286804168,-1551.5674335512267
3310,35.211625080999994,0.004738046712,-1476.1388297375888
3311,35.211625080999994,0.0051892892559999996,-1404.5035174159675
3312,35.211625080999994,0.0056405318,-1336.4832710647777
3313,35.211625080999994,0.006091774344,-1271.910332538925
3314,35.211625080999994,0.0065430168879999995,-1210.6266932542685
3315,35.211625080999994,0.006994259432,-1152.483416470482
3316,35.211625080999994,0.007445501976,-1097.3400053742007
3317,35.211625080999994,0.007896744519999999,-1045.0638177559686
3318,35.211625080999994,0.008347987064,-995.5295257142127
3319,35.211625080999994,0.008799229607999998,-948.6186177437462
3320,35.211625080999994,0.009250472151999999,-904.2189401957835
3321,35.211625080999994,0.009701714695999999,-862.2242749574501
3322,35.211625080999994,0.010152957239999998,-822.5339503557802
3323,35.211625080999994,0.010604199783999999,-785.0524824302775
3324,35.211625080999994,0.011055442327999999,-749.6892439243034
3325,35.211625080999994,0.011506684871999998,-716.3581585894651
3326,35.211625080999994,0.011957927415999998,-684.9774185933354
3327,35.211625080999994,0.012409169959999999,-655.4692230133297
3328,35.211625080999994,0.012860412503999998,-627.7595356142556
3329,35.211625080999994,0.013311655047999998,-601.7778602452354
3330,35.211625080999994,0.013762897591999999,-577.4570323771909
3331,35.211625080999994,0.014214140135999998,-554.7330254251997
3332,35.211625080999994,0.014665382679999998,-533.5447706205559
3333,35.211625080999994,0.015116625223999999,-513.8339893481543
3334,35.211625080999994,0.015567867767999998,-495.5450369048893
3335,35.211625080999994,0.016019110312,-478.6247568054677
3336,35.211625080999994,0.016470352856,-463.0223447663992
3337,35.211625080999994,0.0169215954,-448.68922163694
3338,35.211625080999994,0.017372837944,-435.578914578463
3339,35.211625080999994,0.017824080488,-423.64694586094913
3340,35.211625080999994,0.018275323032,-412.8507287098977
3341,35.211625080999994,0.018726565576,-403.14946967137763
3342,35.211625080999994,0.01917780812,-394.5040770233024
3343,35.211625080999994,0.019629050664,-386.8770747931993
3344,35.211625080999994,0.020080293207999998,-380.23252196644916
3345,35.211625080999994,0.020531535752,-374.5359365377761
3346,35.211625080999994,0.020982778296,-369.7542240522674
3347,35.211625080999994,0.021434020839999998,-365.85561032282914
3348,35.211625080999994,0.021885263384,-362.80957804748266
3349,35.211625080999994,0.022336505928,-360.58680705423757
3350,35.211625080999994,0.022787748471999998,-359.1591179290745
3351,35.211625080999994,0.023238991016,-358.4994188100812
3352,35.211625080999994,0.02369023356,-358.58165513043417
3353,35.211625080999994,0.024141476103999998,-359.380762125791
3354,35.211625080999994,0.024592718648,-360.8726199233188
3355,35.211625080999994,0.025043961192,-363.034011051656
3356,35.211625080999994,0.025495203735999998,-365.84258021536897
3357,35.211625080999994,0.02594644628,-369.276796195936
3358,35.211625080999994,0.026397688824,-373.315915749313
3359,35.211625080999994,0.026848931367999998,-377.93994936855154
3360,35.211625080999994,0.027300173912,-383.1296288129336
3361,35.211625080999994,0.027751416456,-388.8663762854141
3362,35.211625080999994,0.028202658999999998,-395.1322751667255
3363,35.211625080999994,0.028653901544,-401.9100422122415
3364,35.211625080999994,0.029105144088,-409.18300112870514
3365,35.211625080999994,0.029556386631999998,-416.93505744523
3366,35.211625080999994,0.030007629176,-425.15067461874565
3367,35.211625080999994,0.03045887172,-433.8148512765831
3368,35.211625080999994,0.030910114263999998,-442.9130995684194
3369,35.211625080999994,0.031361356808,-452.4314245356042
3370,35.211625080999994,0.031812599351999996,-462.3563044524779
3371,35.211625080999994,0.032263841896,-472.6746720982096
3372,35.211625080999994,0.03271508444,-483.3738968795631
3373,35.211625080999994,0.033166326983999996,-494.44176779525486
3374,35.211625080999994,0.033617569528,-505.8664771621407
3375,35.211625080999994,0.034068812072,-517.6366050948627
3376,35.211625080999994,0.034520054615999995,-529.7411046692868
3377,35.211625080999994,0.03497129716,-542.1692877560338
3378,35.211625080999994,0.035422539704,-554.9108114781752
3379,35.211625080999994,0.035873782247999995,-567.9556652798407
3380,35.211625080999994,0.036325024792,-581.2941585286187
3381,35.211625080999994,0.036776267336,-594.9169086878098
3382,35.211625080999994,0.037227509879999995,-608.814829982153
3383,35.211625080999994,0.037678752424,-622.9791225423569
3384,35.211625080999994,0.038129994968,-637.4012620390359
3385,35.211625080999994,0.038581237511999995,-652.0729897154882
3386,35.211625080999994,0.039032480056,-666.9863028552272
3387,35.211625080999994,0.0394837226,-682.1334456793027
3388,35.211625080999994,0.039934965143999995,-697.5069005497019
3389,35.211625080999994,0.040386207688,-713.0993796013281
3390,35.211625080999994,0.040837450232,-728.9038166737444
3391,35.211625080999994,0.041288692775999995,-744.913359598844
3392,35.211625080999994,0.04173993532,-761.1213627678578
3393,35.211625080999994,0.042191177864,-777.5213800357546
3394,35.211625080999994,0.042642420407999995,-794.1071578569204
3395,35.211625080999994,0.043093662952,-810.8726287582838
3396,35.211625080999994,0.043544905496,-827.8119050041794
3397,35.211625080999994,0.043996148039999995,-844.9192725511562
3398,35.211625080999994,0.044447390584,-862.1891852131678
3399,35.211625080999994,0.044898633128,-879.616259082612
3400,36.262718367,0.000225621272,-2436.1078506284757
3401,36.262718367,0.000676863816,-2316.5491082701915
3402,36.262718367,0.00112810636,-2202.9112603952744
3403,36.262718367,0.001579348904,-2094.858459249389
3404,36.262718367,0.002030591448,-1992.1672911939172
3405,36.262718367,0.0024818339919999996,-1894.5896173693118
3406,36.262718367,0.0029330765359999998,-1801.8776275794382
3407,36.262718367,0.0033843190799999995,-1713.792896090606
3408,36.262718367,0.0038355616239999996,-1630.1091845210813
3409,36.262718367,0.004286804168,-1550.6130068063264
3410,36.262718367,0.004738046712,-1475.1033491686103
3411,36.262718367,0.0051892892559999996,-1403.391067620157
3412,36.262718367,0.0056405318,-1335.29817529875
3413,36.262718367,0.006091774344,-1270.6571108456515
3414,36.262718367,0.0065430168879999995,-1209.3100278873233
3415,36.262718367,0.006994259432,-1151.1081227526497
3416,36.262718367,0.007445501976,-1095.9110067645724
3417,36.262718367,0.007896744519999999,-1043.5861242622907
3418,36.262718367,0.008347987064,-994.00821504991
3419,36.262718367,0.008799229607999998,-947.0588187709943
3420,36.262718367,0.009250472151999999,-902.6258183025107
3421,36.262718367,0.009701714695999999,-860.6030191005792
3422,36.262718367,0.010152957239999998,-820.889761548196
3423,36.262718367,0.010604199783999999,-783.3905634887726
3424,36.262718367,0.011055442327999999,-748.01479033231
3425,36.262718367,0.011506684871999998,-714.6763503468901
3426,36.262718367,0.011957927415999998,-683.2934129429257
3427,36.262718367,0.012409169959999999,-653.7881479524285
3428,36.262718367,0.012860412503999998,-626.0864841114526
3429,36.262718367,0.013311655047999998,-600.117885087388
3430,36.262718367,0.013762897591999999,-575.8151415929196
3431,36.262718367,0.014214140135999998,-553.1141782170403
3432,36.262718367,0.014665382679999998,-531.9538737748258
3433,36.262718367,0.015116625223999999,-512.2758940517792
3434,36.262718367,0.015567867767999998,-494.024535964049
3435,36.262718367,0.016019110312,-477.1465822012962
3436,36.262718367,0.016470352856,-461.5911655355081
3437,36.262718367,0.0169215954,-447.3096420355657
3438,36.262718367,0.017372837944,-434.2554725164844
3439,36.262718367,0.017824080488,-422.3841115693277
3440,36.262718367,0.018275323032,-411.65290363371764
3441,36.262718367,0.018726565576,-402.020985558181
3442,36.262718367,0.01917780812,-393.44919519725187
3443,36.262718367,0.019629050664,-385.89998559127247
3444,36.262718367,0.020080293207999998,-379.3373443313163
3445,36.262718367,0.020531535752,-373.72671774768236
3446,36.262718367,0.020982778296,-369.03493957466657
3447,36.262718367,0.021434020839999998,-365.2301637863515
3448,36.262718367,0.021885263384,-362.28180131722536
3449,36.262718367,0.022336505928,-360.1604604025909
3450,36.262718367,0.022787748471999998,-358.83789029358036
3451,36.262718367,0.023238991016,-358.2869281302185
3452,36.262718367,0.02369023356,-358.48144875510764
3453,36.262718367,0.024141476103999998,-359.39631728620424
3454,36.262718367,0.024592718648,-361.0073442642699
3455,36.262718367,0.025043961192,-363.2912432148284
3456,36.262718367,0.025495203735999998,-366.2255904711557
3457,36.262718367,0.02594644628,-369.7887871173995
3458,36.262718367,0.026397688824,-373.9600229233479
3459,36.262718367,0.026848931367999998,-378.7192421415124
3460,36.262718367,0.027300173912,-384.0471110677993
3461,36.262718367,0.027751416456,-389.92498724212123
3462,36.262718367,0.028202658999999998,-396.3348902085523
3463,36.262718367,0.028653901544,-403.2594737320189
3464,36.262718367,0.029105144088,-410.68199938901046
3465,36.262718367,0.029556386631999998,-418.586311459828
3466,36.262718367,0.030007629176,-426.95681303950255
3467,36.262718367,0.03045887172,-435.7784432948612
3468,36.262718367,0.030910114263999998,-445.0366558248793
3469,36.262718367,0.031361356808,-454.7173980304026
3470,36.262718367,0.031812599351999996,-464.80709147052625
3471,36.262718367,0.032263841896,-475.292613123505
3472,36.262718367,0.03271508444,-486.1612775268438
3473,36.262718367,0.033166326983999996,-497.4008197283129
3474,36.262718367,0.033617569528,-508.99937901700224
3475,36.262718367,0.034068812072,-520.9454834027795
3476,36.262718367,0.034520054615999995,-533.2280347685967
3477,36.262718367,0.03497129716,-545.8362947062249
3478,36.262718367,0.035422539704,-558.7598709758465
3479,36.262718367,0.035873782247999995,-571.9887045445028
3480,36.262718367,0.036325024792,-585.5130572097505
3481,36.262718367,0.036776267336,-599.3234997474005
3482,36.262718367,0.037227509879999995,-613.4109005742691
3483,36.262718367,0.037678752424,-627.766414888086
3484,36.262718367,0.038129994968,-642.3814742769073
3485,36.262718367,0.038581237511999995,-657.2477767632595
3486,36.262718367,0.039032480056,-672.3572772663554
3487,36.262718367,0.0394837226,-687.7021784360973
3488,36.262718367,0.039934965143999995,-703.2749219305007
3489,36.262718367,0.040386207688,-719.068179954862
3490,36.262718367,0.040837450232,-735.074847249017
3491,36.262718367,0.041288692775999995,-751.2880333076757
3492,36.262718367,0.04173993532,-767.7010549837823
3493,36.262718367,0.042191177864,-784.3074293514287
3494,36.262718367,0.042642420407999995,-801.1008668369329
3495,36.262718367,0.043093662952,-818.0752646835549
3496,36.262718367,0.043544905496,-835.2247005997199
3497,36.262718367,0.043996148039999995,-852.5434267112969
3498,36.262718367,0.044447390584,-870.025863711643
3499,36.262718367,0.044898633128,-887.6665952566115
3500,37.313811652999995,0.000225621272,-2436.0048967997323
3501,37.313811652999995,0.000676863816,-2316.3394462448173
3502,37.313811652999995,0.00112810636,-2202.6151112407592
3503,37.313811652999995,0.001579348904,-2094.473454621861
3504,37.313811652999995,0.002030591448,-1991.692289756774
3505,37.313811652999995,0.0024818339919999996,-1894.0250025962068
3506,37.313811652999995,0.0029330765359999998,-1801.2248531281066
3507,37.313811652999995,0.0033843190799999995,-1713.0541743738636
3508,37.313811652999995,0.0038355616239999996,-1629.2872919019735
3509,37.313811652999995,0.004286804168,-1549.7111560408753
3510,37.313811652999995,0.004738046712,-1474.1251005386841
3511,37.313811652999995,0.0051892892559999996,-1402.340263429233
3512,37.313811652999995,0.0056405318,-1334.178889296105
3513,37.313811652999995,0.006091774344,-1269.4736077336593
3514,37.313811652999995,0.0065430168879999995,-1208.066729986382
3515,37.313811652999995,0.006994259432,-1149.8095819802925
3516,37.313811652999995,0.007445501976,-1094.5618807002502
3517,37.313811652999995,0.007896744519999999,-1042.1911554667513
3518,37.313811652999995,0.008347987064,-992.5722130262207
3519,37.313811652999995,0.008799229607999998,-945.5866441268861
3520,37.313811652999995,0.009250472151999999,-901.122368770086
3521,37.313811652999995,0.009701714695999999,-859.0732171498954
3522,37.313811652999995,0.010152957239999998,-819.338543381845
3523,37.313811652999995,0.010604199783999999,-781.8228692390473
3524,37.313811652999995,0.011055442327999999,-746.4355553178348
3525,37.313811652999995,0.011506684871999998,-713.090497271844
3526,37.313811652999995,0.011957927415999998,-681.7058449254098
3527,37.313811652999995,0.012409169959999999,-652.2037423040814
3528,37.313811652999995,0.012860412503999998,-624.5100867807412
3529,37.313811652999995,0.013311655047999998,-598.5543057109714
3530,37.313811652999995,0.013762897591999999,-574.2691490789127
3531,37.313811652999995,0.014214140135999998,-551.5904968285347
3532,37.313811652999995,0.014665382679999998,-530.4571796465743
3533,37.313811652999995,0.015116625223999999,-510.81081211813165
3534,37.313811652999995,0.015567867767999998,-492.59563724556534
3535,37.313811652999995,0.016019110312,-475.7583814247517
3536,37.313811652999995,0.016470352856,-460.2481190540579
3537,37.313811652999995,0.0169215954,-446.01614602983335
3538,37.313811652999995,0.017372837944,-433.01586143848556
3539,37.313811652999995,0.017824080488,-421.2026568211558
3540,37.313811652999995,0.018275323032,-410.5338124506238
3541,37.313811652999995,0.018726565576,-400.96840008694215
3542,37.313811652999995,0.01917780812,-392.4671917435859
3543,37.313811652999995,0.019629050664,-384.9925740298915
3544,37.313811652999995,0.020080293207999998,-378.50846765870295
3545,37.313811652999995,0.020531535752,-372.9802517691091
3546,37.313811652999995,0.020982778296,-368.374692711292
3547,37.313811652999995,0.021434020839999998,-364.6598769938526
3548,37.313811652999995,0.021885263384,-361.80514810391986
3549,37.313811652999995,0.022336505928,-359.78104693972307
3550,37.313811652999995,0.022787748471999998,-358.55925560990704
3551,37.313811652999995,0.023238991016,-358.11254438170255
3552,37.313811652999995,0.02369023356,-358.41472156527146
3553,37.313811652999995,0.024141476103999998,-359.4405861476585
3554,37.313811652999995,0.024592718648,-361.16588299792323
3555,37.313811652999995,0.025043961192,-363.5672604807626
3556,37.313811652999995,0.025495203735999998,-366.62223032546416
3557,37.313811652999995,0.02594644628,-370.30912961098625
3558,37.313811652999995,0.026397688824,-374.607084737682
3559,37.313811652999995,0.026848931367999998,-379.49597725996796
3560,37.313811652999995,0.027300173912,-384.9564114728357
3561,37.313811652999995,0.027751416456,-390.9696836430408
3562,37.313811652999995,0.028202658999999998,-397.51775279240445
3563,37.313811652999995,0.028653901544,-404.583212930117
3564,37.313811652999995,0.029105144088,-412.1492666687581
3565,37.313811652999995,0.029556386631999998,-420.19970012488216
3566,37.313811652999995,0.030007629176,-428.71885904602
3567,37.313811652999995,0.03045887172,-437.6916260810179
3568,37.313811652999995,0.030910114263999998,-447.103399144869
3569,37.313811652999995,0.031361356808,-456.94007079786337
3570,37.313811652999995,0.031812599351999996,-467.18800860809057
3571,37.313811652999995,0.032263841896,-477.834036415874
3572,37.313811652999995,0.03271508444,-488.8654164735353
3573,37.313811652999995,0.033166326983999996,-500.2698323995432
3574,37.313811652999995,0.033617569528,-512.0353729185335
3575,37.313811652999995,0.034068812072,-524.1505163180288
3576,37.313811652999995,0.034520054615999995,-536.6041156221218
3577,37.313811652999995,0.03497129716,-549.3853844101288
3578,37.313811652999995,0.035422539704,-562.4838832758032
3579,37.313811652999995,0.035873782247999995,-575.8895068599336
3580,37.313811652999995,0.036325024792,-589.5924714728415
3581,37.313811652999995,0.036776267336,-603.5833032325797
3582,37.313811652999995,0.037227509879999995,-617.8528267183315
3583,37.313811652999995,0.037678752424,-632.3921541090119
3584,37.313811652999995,0.038129994968,-647.1926747846408
3585,37.313811652999995,0.038581237511999995,-662.2460453503321
3586,37.313811652999995,0.039032480056,-677.544180110777
3587,37.313811652999995,0.0394837226,-693.0792418792314
3588,37.313811652999995,0.039934965143999995,-708.8436332437996
3589,37.313811652999995,0.040386207688,-724.8299881237285
3590,37.313811652999995,0.040837450232,-741.0311636980555
3591,37.313811652999995,0.041288692775999995,-757.4402326674526
3592,37.313811652999995,0.04173993532,-774.0504758206325
3593,37.313811652999995,0.042191177864,-790.8553748730742
3594,37.313811652999995,0.042642420407999995,-807.8486056308011
3595,37.313811652999995,0.043093662952,-825.0240314081352
3596,37.313811652999995,0.043544905496,-842.3756966689322
3597,37.313811652999995,0.043996148039999995,-859.8978209898191
3598,37.313811652999995,0.044447390584,-877.5847931746073
3599,37.313811652999995,0.044898633128,-895.4311656519353
3600,38.364904939,0.000225621272,-2435.9057726410288
3601,38.364904939,0.000676863816,-2316.137592740937
3602,38.364904939,0.00112810636,-2202.332034643016
3603,38.364904939,0.001579348904,-2094.1069530111654
3604,38.364904939,0.002030591448,-1991.2411548372336
3605,38.364904939,0.0024818339919999996,-1893.4894863038764
3606,38.364904939,0.0029330765359999998,-1800.6062484822858
3607,38.364904939,0.0033843190799999995,-1712.3545144914356
3608,38.364904939,0.0038355616239999996,-1628.5091595801546
3609,38.364904939,0.004286804168,-1548.8575587773378
3610,38.364904939,0.004738046712,-1473.1993835888647
3611,38.364904939,0.0051892892559999996,-1401.3460459101204
3612,38.364904939,0.0056405318,-1333.1200150245027
3613,38.364904939,0.006091774344,-1268.354105996658
3614,38.364904939,0.0065430168879999995,-1206.890783346754
3615,38.364904939,0.006994259432,-1148.5814992774153
3616,38.364904939,0.007445501976,-1093.286074041112
3617,38.364904939,0.007896744519999999,-1040.8721203698935
3618,38.364904939,0.008347987064,-991.2145111267074
3619,38.364904939,0.008799229607999998,-944.1948880018097
3620,38.364904939,0.009250472151999999,-899.7012085521847
3621,38.364904939,0.009701714695999999,-857.6273286706391
3622,38.364904939,0.010152957239999998,-817.8726176354338
3623,38.364904939,0.010604199783999999,-780.3416029929674
3624,38.364904939,0.011055442327999999,-744.9436427449966
3625,38.364904939,0.011506684871999998,-711.5926224682069
3626,38.364904939,0.011957927415999998,-680.2066752280448
3627,38.364904939,0.012409169959999999,-650.7079223165717
3628,38.364904939,0.012860412503999998,-623.0222330378292
3629,38.364904939,0.013311655047999998,-597.0790019085211
3630,38.364904939,0.013762897591999999,-572.8109418290934
3631,38.364904939,0.014214140135999998,-550.1538918702238
3632,38.364904939,0.014665382679999998,-529.0466384839694
3633,38.364904939,0.015116625223999999,-509.43074903783094
3634,38.364904939,0.015567867767999998,-491.2504166811906
3635,38.364904939,0.016019110312,-474.4523156386897
3636,38.364904939,0.016470352856,-458.9854661025381
3637,38.364904939,0.0169215954,-444.8011079964653
3638,38.364904939,0.017372837944,-431.8525828981561
3639,38.364904939,0.017824080488,-420.0952235290971
3640,38.364904939,0.018275323032,-409.4862502248593
3641,38.364904939,0.018726565576,-399.9846738778297
3642,38.364904939,0.01917780812,-391.55120486429104
3643,38.364904939,0.019629050664,-384.1481675417706
3644,38.364904939,0.020080293207999998,-377.73941989568976
3645,38.364904939,0.020531535752,-372.2902779879482
3646,38.364904939,0.020982778296,-367.76744485796934
3647,38.364904939,0.021434020839999998,-364.13894357601146
3648,38.364904939,0.021885263384,-361.37405416070214
3649,38.364904939,0.022336505928,-359.4432540992456
3650,38.364904939,0.022787748471999998,-358.3181622281823
3651,38.364904939,0.023238991016,-357.9714857544594
3652,38.364904939,0.02369023356,-358.37697020672647
3653,38.364904939,0.024141476103999998,-359.50935213033944
3654,38.364904939,0.024592718648,-361.34431434821823
3655,38.364904939,0.025043961192,-363.85844362329334
3656,38.364904939,0.025495203735999998,-367.02919057454875
3657,38.364904939,0.02594644628,-370.83483170216493
3658,38.364904939,0.026397688824,-375.25443339374135
3659,38.364904939,0.026848931367999998,-380.2678177967526
3660,38.364904939,0.027300173912,-385.8555304266058
3661,38.364904939,0.027751416456,-391.99880942997805
3662,38.364904939,0.028202658999999998,-398.67955638871433
3663,38.364904939,0.028653901544,-405.88030857292875
3664,38.364904939,0.029105144088,-413.5842125785137
3665,38.364904939,0.029556386631999998,-421.7749992388994
3666,38.364904939,0.030007629176,-430.4369597652149
3667,38.364904939,0.03045887172,-439.5549230356673
3668,38.364904939,0.030910114263999998,-449.1142339592408
3669,38.364904939,0.031361356808,-459.1007328728162
3670,38.364904939,0.031812599351999996,-469.50073590315446
3671,38.364904939,0.032263841896,-480.3010162384997
3672,38.364904939,0.03271508444,-491.48878627094706
3673,38.364904939,0.033166326983999996,-503.05168055516236
3674,38.364904939,0.033617569528,-514.9777395481951
3675,38.364904939,0.034068812072,-527.2553940603638
3676,38.364904939,0.034520054615999995,-539.8734504400984
3677,38.364904939,0.03497129716,-552.8210763828581
3678,38.364904939,0.035422539704,-566.0877873825652
3679,38.364904939,0.035873782247999995,-579.6634337702862
3680,38.364904939,0.036325024792,-593.5381883263653
3681,38.364904939,0.036776267336,-607.7025344219877
3682,38.364904939,0.037227509879999995,-622.1472546515672
3683,38.364904939,0.037678752424,-636.8634199797547
3684,38.364904939,0.038129994968,-651.8423793320419
3685,38.364904939,0.038581237511999995,-667.0757496059658
3686,38.364904939,0.039032480056,-682.555406141616
3687,38.364904939,0.0394837226,-698.2734735366646
3688,38.364904939,0.039934965143999995,-714.2223168773885
3689,38.364904939,0.040386207688,-730.3945333019217
3690,38.364904939,0.040837450232,-746.7829439266638
3691,38.364904939,0.041288692775999995,-763.3805860910829
3692,38.364904939,0.04173993532,-780.1807059076108
3693,38.364904939,0.042191177864,-797.1767511061842
3694,38.364904939,0.042642420407999995,-814.3623641808105
3695,38.364904939,0.043093662952,-831.7313757894892
3696,38.364904939,0.043544905496,-849.277798405871
3697,38.364904939,0.043996148039999995,-866.9958202585531
3698,38.364904939,0.044447390584,-884.879799439108
3699,38.364904939,0.044898633128,-902.9242582760255
3700,39.415998224999996,0.000225621272,-2435.8102597855614
3701,39.415998224999996,0.000676863816,-2315.9429226770303
3702,39.415998224999996,0.00112810636,-2202.0609546823657
3703,39.415998224999996,0.001579348904,-2093.7574400693306
3704,39.415998224999996,0.002030591448,-1990.811946215849
3705,39.415998224999996,0.0024818339919999996,-1892.980715087132
3706,39.415998224999996,0.0029330765359999998,-1800.0190604567956
3707,39.415998224999996,0.0033843190799999995,-1711.6907777746487
3708,39.415998224999996,0.0038355616239999996,-1627.7712785613876
3709,39.415998224999996,0.004286804168,-1548.0483516293893
3710,39.415998224999996,0.004738046712,-1472.3219971292306
3711,39.415998224999996,0.0051892892559999996,-1400.4038931990128
3712,39.415998224999996,0.0056405318,-1332.116727504786
3713,39.415998224999996,0.006091774344,-1267.2934954274347
3714,39.415998224999996,0.0065430168879999995,-1205.776810653013
3715,39.415998224999996,0.006994259432,-1147.4182484947519
3716,39.415998224999996,0.007445501976,-1092.077730155083
3717,39.415998224999996,0.007896744519999999,-1039.622950221414
3718,39.415998224999996,0.008347987064,-989.9288468021466
3719,39.415998224999996,0.008799229607999998,-942.8771122745568
3720,39.415998224999996,0.009250472151999999,-898.3557420402337
3721,39.415998224999996,0.009701714695999999,-856.2586184761494
3722,39.415998224999996,0.010152957239999998,-816.4851272395514
3723,39.415998224999996,0.010604199783999999,-778.939803257967
3724,39.415998224999996,0.011055442327999999,-743.532003887835
3725,39.415998224999996,0.011506684871999998,-710.1756068819454
3726,39.415998224999996,0.011957927415999998,-678.7887310686576
3727,39.415998224999996,0.012409169959999999,-649.2934777615537
3728,39.415998224999996,0.012860412503999998,-621.6156911565103
3729,39.415998224999996,0.013311655047999998,-595.6847360698946
3730,39.415998224999996,0.013762897591999999,-571.4332916071519
3731,39.415998224999996,0.014214140135999998,-548.7971593860862
3732,39.415998224999996,0.014665382679999998,-527.7150851561136
3733,39.415998224999996,0.015116625223999999,-508.12859268727476
3734,39.415998224999996,0.015567867767999998,-489.9818289773426
3735,39.415998224999996,0.016019110312,-473.22141983454577
3736,39.415998224999996,0.016470352856,-457.79633505298267
3737,39.415998224999996,0.0169215954,-443.65776241853695
3738,39.415998224999996,0.017372837944,-430.7589898658515
3739,39.415998224999996,0.017824080488,-419.0552951690716
3740,39.415998224999996,0.018275323032,-408.5038426065243
3741,39.415998224999996,0.018726565576,-399.0635860748656
3742,39.415998224999996,0.01917780812,-390.69517817915545
3743,39.415998224999996,0.019629050664,-383.36088486520606
3744,39.415998224999996,0.020080293207999998,-377.0245052121956
3745,39.415998224999996,0.020531535752,-371.65129599447255
3746,39.415998224999996,0.020982778296,-367.20790069457945
3747,39.415998224999996,0.021434020839999998,-363.6622826621079
3748,39.415998224999996,0.021885263384,-360.9836621204739
3749,39.415998224999996,0.022336505928,-359.14245677372077
3750,39.415998224999996,0.022787748471999998,-358.11022576501654
3751,39.415998224999996,0.023238991016,-357.85961676904196
3752,39.415998224999996,0.02369023356,-358.3643160073856
3753,39.415998224999996,0.024141476103999998,-359.5990010026148
3754,39.415998224999996,0.024592718648,-361.5392958930221
3755,39.415998224999996,0.025043961192,-364.1617291440959
3756,39.415998224999996,0.025495203735999998,-367.4436935074679
3757,39.415998224999996,0.02594644628,-371.363408088322
3758,39.415998224999996,0.026397688824,-375.8998823863014
3759,39.415998224999996,0.026848931367999998,-381.0328821999973
3760,39.415998224999996,0.027300173912,-386.7428972662736
3761,39.415998224999996,0.027751416456,-393.0111105480427
3762,39.415998224999996,0.028202658999999998,-399.81936906146626
3763,39.415998224999996,0.028653901544,-407.1501561540287
3764,39.415998224999996,0.029105144088,-414.986565150089
3765,39.415998224999996,0.029556386631999998,-423.31227429319813
3766,39.415998224999996,0.030007629176,-432.1115228845798
3767,39.415998224999996,0.03045887172,-441.369088598534
3768,39.415998224999996,0.030910114263999998,-451.0702658498117
3769,39.415998224999996,0.031361356808,-461.2008451929042
3770,39.415998224999996,0.031812599351999996,-471.7470937066292
3771,39.415998224999996,0.032263841896,-482.69573625365655
3772,39.415998224999996,0.03271508444,-494.0339376389187
3773,39.415998224999996,0.033166326983999996,-505.74928557208386
3774,39.415998224999996,0.033617569528,-517.8297744018083
3775,39.415998224999996,0.034068812072,-530.2637895669002
3776,39.415998224999996,0.034520054615999995,-543.0400927880055
3777,39.415998224999996,0.03497129716,-556.1478078764051
3778,39.415998224999996,0.035422539704,-569.5764071778584
3779,39.415998224999996,0.035873782247999995,-583.3156985996807
3780,39.415998224999996,0.036325024792,-597.3558132466696
3781,39.415998224999996,0.036776267336,-611.6871935302715
3782,39.415998224999996,0.037227509879999995,-626.3005818095456
3783,39.415998224999996,0.037678752424,-641.1870095392267
3784,39.415998224999996,0.038129994968,-656.337786841159
3785,39.415998224999996,0.038581237511999995,-671.7444925097448
3786,39.415998224999996,0.039032480056,-687.3989645003835
3787,39.415998224999996,0.0394837226,-703.2932906958997
3788,39.415998224999996,0.039934965143999995,-719.4198001755035
3789,39.415998224999996,0.040386207688,-735.7710547247041
3790,39.415998224999996,0.040837450232,-752.3398408100298
3791,39.415998224999996,0.041288692775999995,-769.1191617438567
3792,39.415998224999996,0.04173993532,-786.1022303126344
3793,39.415998224999996,0.042191177864,-803.2824615167096
3794,39.415998224999996,0.042642420407999995,-820.6534657966665
3795,39.415998224999996,0.043093662952,-838.2090423673285
3796,39.415998224999996,0.043544905496,-855.943172890195
3797,39.415998224999996,0.043996148039999995,-873.8500153785865
3798,39.415998224999996,0.044447390584,-891.923898329396
3799,39.415998224999996,0.044898633128,-910.1593150602557
3800,40.467091511,0.000225621272,-2435.718160174873
3801,40.467091511,0.000676863816,-2315.7548782262343
3802,40.467091511,0.00112810636,-2201.800908877742
3803,40.467091511,0.001579348904,-2093.4235597077854
3804,40.467091511,0.002030591448,-1990.4029255996033
3805,40.467091511,0.0024818339919999996,-1892.4965799100778
3806,40.467091511,0.0029330765359999998,-1799.4608213435827
3807,40.467091511,0.0033843190799999995,-1711.0601506899593
3808,40.467091511,0.0038355616239999996,-1627.0705031057112
3809,40.467091511,0.004286804168,-1547.2800709637477
3810,40.467091511,0.004738046712,-1471.489174544209
3811,40.467091511,0.0051892892559999996,-1399.5097511014126
3812,40.467091511,0.0056405318,-1331.1647007611343
3813,40.467091511,0.006091774344,-1266.2871943705588
3814,40.467091511,0.0065430168879999995,-1204.719990895075
3815,40.467091511,0.006994259432,-1146.3147857388421
3816,40.467091511,0.007445501976,-1090.9315988160497
3817,40.467091511,0.007896744519999999,-1038.4382050374263
3818,40.467091511,0.008347987064,-988.7096068549431
3819,40.467091511,0.008799229607999998,-941.6275469998569
3820,40.467091511,0.009250472151999999,-897.0800588980105
3821,40.467091511,0.009701714695999999,-854.96105203771
3822,40.467091511,0.010152957239999998,-815.1699294930196
3823,40.467091511,0.010604199783999999,-777.6112349727237
3824,40.467091511,0.011055442327999999,-742.1943269054232
3825,40.467091511,0.011506684871999998,-708.8330772237517
3826,40.467091511,0.011957927415999998,-677.4455927732107
3827,40.467091511,0.012409169959999999,-647.9539573659653
3828,40.467091511,0.012860412503999998,-620.2839927505499
3829,40.467091511,0.013311655047999998,-594.3650368852105
3830,40.467091511,0.013762897591999999,-570.1297380573894
3831,40.467091511,0.014214140135999998,-547.5138635385586
3832,40.467091511,0.014665382679999998,-526.4561215851793
3833,40.467091511,0.015116625223999999,-506.8979956712881
3834,40.467091511,0.015567867767999998,-488.78359001643054
3835,40.467091511,0.016019110312,-472.0594854461979
3836,40.467091511,0.016470352856,-456.6746048352136
3837,40.467091511,0.0169215954,-442.580087349075
3838,40.467091511,0.017372837944,-429.7291708169867
3839,40.467091511,0.017824080488,-418.0770816242094
3840,40.467091511,0.018275323032,-407.5809315531699
3841,40.467091511,0.018726565576,-398.19962106867723
3842,40.467091511,0.01917780812,-389.89374855656615
3843,40.467091511,0.019629050664,-382.6255250957557
3844,40.467091511,0.020080293207999998,-376.3586943776774
3845,40.467091511,0.020531535752,-371.0584573857122
3846,40.467091511,0.020982778296,-366.6914015139776
3847,40.467091511,0.021434020839999998,-363.2254338254621
3848,40.467091511,0.021885263384,-360.629718145618
3849,40.467091511,0.022336505928,-358.8746157536878
3850,40.467091511,0.022787748471999998,-357.9316294143804
3851,40.467091511,0.023238991016,-357.773350539664
3852,40.467091511,0.02369023356,-358.37340926678013
3853,40.467091511,0.024141476103999998,-359.7064272686741
3854,40.467091511,0.024592718648,-361.7479731219018
3855,40.467091511,0.025043961192,-364.47452006373175
3856,40.467091511,0.025495203735999998,-367.86340599643285
3857,40.467091511,0.02594644628,-371.8927955930937
3858,40.467091511,0.026397688824,-376.5416443720405
3859,40.467091511,0.026848931367999998,-381.7896646367978
3860,40.467091511,0.027300173912,-387.61729314039854
3861,40.467091511,0.027751416456,-394.0056604019397
3862,40.467091511,0.028202658999999998,-400.9365615577354
3863,40.467091511,0.028653901544,-408.392428657018
3864,40.467091511,0.029105144088,-416.35630432587806
3865,40.467091511,0.029556386631999998,-424.8118167307376
3866,40.467091511,0.030007629176,-433.7431557225337
3867,40.467091511,0.03045887172,-443.1350501795353
3868,40.467091511,0.030910114263999998,-452.97274636002703
3869,40.467091511,0.031361356808,-463.24198733860254
3870,40.467091511,0.031812599351999996,-473.9289933802435
3871,40.467091511,0.032263841896,-485.02044321438
3872,40.467091511,0.03271508444,-496.50345618711987
3873,40.467091511,0.033166326983999996,-508.365575245297
3874,40.467091511,0.033617569528,-520.5947506598559
3875,40.467091511,0.034068812072,-533.179324475491
3876,40.467091511,0.034520054615999995,-546.1080157182482
3877,40.467091511,0.03497129716,-559.3699061948862
3878,40.467091511,0.035422539704,-572.9544269261996
3879,40.467091511,0.035873782247999995,-586.8513451930794
3880,40.467091511,0.036325024792,-601.0507521504014
3881,40.467091511,0.036776267336,-615.5430509555338
3882,40.467091511,0.037227509879999995,-630.3189453741129
3883,40.467091511,0.037678752424,-645.3694289545545
3884,40.467091511,0.038129994968,-660.6857745730617
3885,40.467091511,0.038581237511999995,-676.2595244483487
3886,40.467091511,0.039032480056,-692.0824806241374
3887,40.467091511,0.0394837226,-708.1466957054538
3888,40.467091511,0.039934965143999995,-724.444464158945
3889,40.467091511,0.040386207688,-740.9683137937373
3890,40.467091511,0.040837450232,-757.7109977273857
3891,40.467091511,0.041288692775999995,-774.6654865524812
3892,40.467091511,0.04173993532,-791.8249609563691
3893,40.467091511,0.042191177864,-809.1828044467013
3894,40.467091511,0.042642420407999995,-826.7325965801992
3895,40.467091511,0.043093662952,-844.468106284635
3896,40.467091511,0.043544905496,-862.3832855088699
3897,40.467091511,0.043996148039999995,-880.4722631540806
3898,40.467091511,0.044447390584,-898.7293391664377
3899,40.467091511,0.044898633128,-917.1489788681869
3900,41.518184796999996,0.000225621272,-2435.6292934574903
3901,41.518184796999996,0.000676863816,-2315.572960180183
3902,41.518184796999996,0.00112810636,-2201.5510337917153
3903,41.518184796999996,0.001579348904,-2093.104094076875
3904,41.518184796999996,0.002030591448,-1990.0125311125807
3905,41.518184796999996,0.0024818339919999996,-1892.0351852623014
3906,41.518184796999996,0.0029330765359999998,-1798.9293128967508
3907,41.518184796999996,0.0033843190799999995,-1710.4601038412402
3908,41.518184796999996,0.0038355616239999996,-1626.404004939632
3909,41.518184796999996,0.004286804168,-1546.5496025273098
3910,41.518184796999996,0.004738046712,-1470.6975290407536
3911,41.518184796999996,0.0051892892559999996,-1398.6599741740963
3912,41.518184796999996,0.0056405318,-1330.2600449545398
3913,41.518184796999996,0.006091774344,-1265.3310831285364
3914,41.518184796999996,0.0065430168879999995,-1203.7159892610189
3915,41.518184796999996,0.006994259432,-1145.2665759693828
3916,41.518184796999996,0.007445501976,-1089.8429597242036
3917,41.518184796999996,0.007896744519999999,-1037.3129942549804
3918,41.518184796999996,0.008347987064,-987.5517454392996
3919,41.518184796999996,0.008799229607999998,-940.4410059695799
3920,41.518184796999996,0.009250472151999999,-895.8688473751033
3921,41.518184796999996,0.009701714695999999,-853.7292067588643
3922,41.518184796999996,0.010152957239999998,-813.9215054932642
3923,41.518184796999996,0.010604199783999999,-776.3502972834547
3924,41.518184796999996,0.011055442327999999,-740.9249431499559
3925,41.518184796999996,0.011506684871999998,-707.5593109900972
3926,41.518184796999996,0.011957927415999998,-676.1714976833282
3927,41.518184796999996,0.012409169959999999,-646.6835717647309
3928,41.518184796999996,0.012860412503999998,-619.0213349510266
3929,41.518184796999996,0.013311655047999998,-593.1141009023511
3930,41.518184796999996,0.013762897591999999,-568.8944897976364
3931,41.518184796999996,0.014214140135999998,-546.2982373848978
3932,41.518184796999996,0.014665382679999998,-525.2640173546289
3933,41.518184796999996,0.015116625223999999,-505.7332758973323
3934,41.518184796999996,0.015567867767999998,-487.6500775357254
3935,41.518184796999996,0.016019110312,-470.9609612576714
3936,41.518184796999996,0.016470352856,-455.61480620527306
3937,41.518184796999996,0.0169215954,-441.56270615060527
3938,41.518184796999996,0.017372837944,-428.75785206880516
3939,41.518184796999996,0.017824080488,-417.15542222435755
3940,41.518184796999996,0.018275323032,-406.71247918386587
3941,41.518184796999996,0.018726565576,-397.3878732605655
3942,41.518184796999996,0.01917780812,-389.14215189867303
3943,41.518184796999996,0.019629050664,-381.9374745762256
3944,41.518184796999996,0.020080293207999998,-375.7375328495536
3945,41.518184796999996,0.020531535752,-370.50747514248144
3946,41.518184796999996,0.020982778296,-366.21383596831794
3947,41.518184796999996,0.021434020839999998,-362.82446928115706
3948,41.518184796999996,0.021885263384,-360.30848565693935
3949,41.518184796999996,0.022336505928,-358.6361930616528
3950,41.518184796999996,0.022787748471999998,-357.77904095715473
3951,41.518184796999996,0.023238991016,-357.7095675281061
3952,41.518184796999996,0.02369023356,-358.4013498201422
3953,41.518184796999996,0.024141476103999998,-359.82895660652156
3954,41.518184796999996,0.024592718648,-361.96790380623816
3955,41.518184796999996,0.025043961192,-364.79461228591737
3956,41.518184796999996,0.025495203735999998,-368.2863679081554
3957,41.518184796999996,0.02594644628,-372.421283674831
3958,41.518184796999996,0.026397688824,-377.17826383409135
3959,41.518184796999996,0.026848931367999998,-382.53696985532594
3960,41.518184796999996,0.027300173912,-388.47778811962877
3961,41.518184796999996,0.027751416456,-394.98179926144957
3962,41.518184796999996,0.028202658999999998,-402.03074904323665
3963,41.518184796999996,0.028653901544,-409.60702067603444
3964,41.518184796999996,0.029105144088,-417.69360849190906
3965,41.518184796999996,0.029556386631999998,-426.2740929361081
3966,41.518184796999996,0.030007629176,-435.3326167126152
3967,41.518184796999996,0.03045887172,-444.853862150078
3968,41.518184796999996,0.030910114263999998,-454.8230295625198
3969,41.518184796999996,0.031361356808,-465.22581668885454
3970,41.518184796999996,0.031812599351999996,-476.0483990887341
3971,41.518184796999996,0.032263841896,-487.27741140645054
3972,41.518184796999996,0.03271508444,-498.89992953801726
3973,41.518184796999996,0.033166326983999996,-510.90345362103375
3974,41.518184796999996,0.033617569528,-523.27589175896
3975,41.518184796999996,0.034068812072,-536.0055444668853
3976,41.518184796999996,0.034520054615999995,-549.0810898916111
3977,41.518184796999996,0.03497129716,-562.4915696025224
3978,41.518184796999996,0.035422539704,-576.2263750353131
3979,41.518184796999996,0.035873782247999995,-590.2752345106842
3980,41.518184796999996,0.036325024792,-604.6282008878563
3981,41.518184796999996,0.036776267336,-619.2756396557147
3982,41.518184796999996,0.037227509879999995,-634.2082175495974
3983,41.518184796999996,0.037678752424,-649.416891720073
3984,41.518184796999996,0.038129994968,-664.8928992873521
3985,41.518184796999996,0.038581237511999995,-680.6277473132934
3986,41.518184796999996,0.039032480056,-696.6132033334526
3987,41.518184796999996,0.0394837226,-712.8412860415228
3988,41.518184796999996,0.039934965143999995,-729.3042566171607
3989,41.518184796999996,0.040386207688,-745.9946101631543
3990,41.518184796999996,0.040837450232,-762.9050677219905
3991,41.518184796999996,0.041288692775999995,-780.028568367756
3992,41.518184796999996,0.04173993532,-797.3582618864245
3993,41.518184796999996,0.042191177864,-814.8875014389281
3994,41.518184796999996,0.042642420407999995,-832.6098368215912
3995,41.518184796999996,0.043093662952,-850.5190077513269
3996,41.518184796999996,0.043544905496,-868.6089375488552
3997,41.518184796999996,0.043996148039999995,-886.8737270092236
3998,41.518184796999996,0.044447390584,-905.3076485400095
3999,41.518184796999996,0.044898633128,-923.9051404335812
4000,42.569278083,0.000225621272,-2435.5434947870554
4001,42.569278083,0.000676863816,-2315.396720597326
4002,42.569278083,0.00112810636,-2201.310552764923
4003,42.569278083,0.001579348904,-2092.797946505767
4004,42.569278083,0.002030591448,-1989.6393555567838
4005,42.569278083,0.0024818339919999996,-1891.5948228679667
4006,42.569278083,0.0029330765359999998,-1798.4225356404486
4007,42.569278083,0.0033843190799999995,-1709.888357026895
4008,42.569278083,0.0038355616239999996,-1625.769234226484
4009,42.569278083,0.004286804168,-1545.8541385050144
4010,42.569278083,0.004738046712,-1469.9440069720247
4011,42.569278083,0.0051892892559999996,-1397.8512754985895
4012,42.569278083,0.0056405318,-1329.3992527910718
4013,42.569278083,0.006091774344,-1264.4214471876833
4014,42.569278083,0.0065430168879999995,-1202.7608973710587
4015,42.569278083,0.006994259432,-1144.2695304297113
4016,42.569278083,0.007445501976,-1088.8075573167484
4017,42.569278083,0.007896744519999999,-1036.2429091092658
4018,42.569278083,0.008347987064,-986.4507141837937
4019,42.569278083,0.008799229607999998,-939.3128147548653
4020,42.569278083,0.009250472151999999,-894.717320453704
4021,42.569278083,0.009701714695999999,-852.5581963934742
4022,42.569278083,0.010152957239999998,-812.734882990284
4023,42.569278083,0.010604199783999999,-775.1519450059566
4024,42.569278083,0.011055442327999999,-739.7187473953588
4025,42.569278083,0.011506684871999998,-706.3491556092471
4026,42.569278083,0.011957927415999998,-674.9612583726321
4027,42.569278083,0.012409169959999999,-645.4771109528104
4028,42.569278083,0.012860412503999998,-617.8224972095477
4029,42.569278083,0.013311655047999998,-591.9267088374249
4030,42.569278083,0.013762897591999999,-567.7223403650898
4031,42.569278083,0.014214140135999998,-545.1450985912511
4032,42.569278083,0.014665382679999998,-524.1336253137918
4033,42.569278083,0.015116625223999999,-504.629332190149
4034,42.569278083,0.015567867767999998,-486.5762468741919
4035,42.569278083,0.016019110312,-469.9208693926906
4036,42.569278083,0.016470352856,-454.61203808542916
4037,42.569278083,0.0169215954,-440.60080429350637
4038,42.569278083,0.017372837944,-427.84031513057266
4039,42.569278083,0.017824080488,-416.2857037510178
4040,42.569278083,0.018275323032,-405.89398652674464
4041,42.569278083,0.018726565576,-396.62396664706927
4042,42.569278083,0.01917780812,-388.43614364158765
4043,42.569278083,0.019629050664,-381.2926284059956
4044,42.569278083,0.020080293207999998,-375.1570633685384
4045,42.569278083,0.020531535752,-369.99454738573826
4046,42.569278083,0.020982778296,-365.7715650594135
4047,42.569278083,0.021434020839999998,-362.4559201836726
4048,42.569278083,0.021885263384,-360.0166730030152
4049,42.569278083,0.022336505928,-358.42408106028205
4050,42.569278083,0.022787748471999998,-357.6495433706588
4051,42.569278083,0.023238991016,-357.66554771285183
4052,42.569278083,0.02369023356,-358.4456208259305
4053,42.569278083,0.024141476103999998,-359.96428132821217
4054,42.569278083,0.024592718648,-362.19699518612055
4055,42.569278083,0.025043961192,-365.120133558909
4056,42.569278083,0.025495203735999998,-368.7109328900129
4057,42.569278083,0.02594644628,-372.94745708571537
4058,42.569278083,0.026397688824,-377.8085616564535
4059,42.569278083,0.026848931367999998,-383.27385972399014
4060,42.569278083,0.027300173912,-389.3236897352979
4061,42.569278083,0.027751416456,-395.9390848348047
4062,42.569278083,0.028202658999999998,-403.101743762138
4063,42.569278083,0.028653901544,-410.79400318603956
4064,42.569278083,0.029105144088,-418.99881140093083
4065,42.569278083,0.029556386631999998,-427.69970333754736
4066,42.569278083,0.030007629176,-436.88077671007545
4067,42.569278083,0.03045887172,-446.5266694183201
4068,42.569278083,0.030910114263999998,-456.62253789324143
4069,42.569278083,0.031361356808,-467.15403656545527
4070,42.569278083,0.031812599351999996,-478.10729826035964
4071,42.569278083,0.032263841896,-489.4689154704471
4072,42.569278083,0.03271508444,-501.22592252699684
4073,42.569278083,0.033166326983999996,-513.3657785979146
4074,42.569278083,0.033617569528,-525.8763514248235
4075,42.569278083,0.034068812072,-538.7459017404453
4076,42.569278083,0.034520054615999995,-551.9630685257258
4077,42.569278083,0.03497129716,-565.5168547878993
4078,42.569278083,0.035422539704,-579.396614002444
4079,42.569278083,0.035873782247999995,-593.5920371229251
4080,42.569278083,0.036325024792,-608.0931402522781
4081,42.569278083,0.036776267336,-622.8902527315679
4082,42.569278083,0.037227509879999995,-637.9740057290874
4083,42.569278083,0.037678752424,-653.3353214365759
4084,42.569278083,0.038129994968,-668.9654026018934
4085,42.569278083,0.038581237511999995,-684.8557224984672
4086,42.569278083,0.039032480056,-700.9980154788658
4087,42.569278083,0.0394837226,-717.3842676122256
4088,42.569278083,0.039934965143999995,-734.0067080359188
4089,42.569278083,0.040386207688,-750.8578003840448
4090,42.569278083,0.040837450232,-767.9302347927558
4091,42.569278083,0.041288692775999995,-785.2169199915822
4092,42.569278083,0.04173993532,-802.7109759792543
4093,42.569278083,0.042191177864,-820.4057266687873
4094,42.569278083,0.042642420407999995,-838.2946931419283
4095,42.569278083,0.043093662952,-856.371586973567
4096,42.569278083,0.043544905496,-874.6303038217848
4097,42.569278083,0.043996148039999995,-893.0649173870925
4098,42.569278083,0.044447390584,-911.6696734711713
4099,42.569278083,0.044898633128,-930.4389842676937
4100,43.620371369,0.000225621272,-2435.4606129525505
4101,43.620371369,0.000676863816,-2315.225756519824
4102,43.620371369,0.00112810636,-2201.07876542534
4103,43.620371369,0.001579348904,-2092.5041269059066
4104,43.620371369,0.002030591448,-1989.2821278087224
4105,43.620371369,0.0024818339919999996,-1891.1739491888673
4106,43.620371369,0.0029330765359999998,-1797.9386825949018
4107,43.620371369,0.0033843190799999995,-1709.3428493278302
4108,43.620371369,0.0038355616239999996,-1625.1638861577885
4109,43.620371369,0.004286804168,-1545.1911407607413
4110,43.620371369,0.004738046712,-1469.225847881834
4111,43.620371369,0.0051892892559999996,-1397.0806836861536
4112,43.620371369,0.0056405318,-1328.5791536419229
4113,43.620371369,0.006091774344,-1263.5549286196083
4114,43.620371369,0.0065430168879999995,-1201.8511821194297
4115,43.620371369,0.006994259432,-1143.3199530882991
4116,43.620371369,0.007445501976,-1087.8215449691033
4117,43.620371369,0.007896744519999999,-1035.223964754424
4118,43.620371369,0.008347987064,-985.4024023885356
4119,43.620371369,0.008799229607999998,-938.2387491368628
4120,43.620371369,0.009250472151999999,-893.6211526632001
4121,43.620371369,0.009701714695999999,-851.4436063932225
4122,43.620371369,0.010152957239999998,-811.6055704157723
4123,43.620371369,0.010604199783999999,-774.01162147233
4124,43.620371369,0.011055442327999999,-738.571129640424
4125,43.620371369,0.011506684871999998,-705.1979593413857
4126,43.620371369,0.011957927415999998,-673.8101927777162
4127,43.620371369,0.012409169959999999,-644.3298737576968
4128,43.620371369,0.012860412503999998,-616.6827702607702
4129,43.620371369,0.013311655047999998,-590.7981541308616
4130,43.620371369,0.013762897591999999,-566.6085964899955
4131,43.620371369,0.014214140135999998,-544.0497775354463
4132,43.620371369,0.014665382679999998,-523.0603096157328
4133,43.620371369,0.015116625223999999,-503.5815723770924
4134,43.620371369,0.015567867767999998,-485.55755919537313
4135,43.620371369,0.016019110312,-468.9347337839727
4136,43.620371369,0.016470352856,-453.6618963687008
4137,43.620371369,0.0169215954,-439.6900585910079
4138,43.620371369,0.017372837944,-426.97232645874345
4139,43.620371369,0.017824080488,-415.46379079346747
4140,43.620371369,0.018275323032,-405.12142456144875
4141,43.620371369,0.018726565576,-395.9039866264717
4142,43.620371369,0.01917780812,-387.7719314032544
4143,43.620371369,0.019629050664,-380.68732399709944
4144,43.620371369,0.020080293207999998,-374.61376049502115
4145,43.620371369,0.020531535752,-369.5162929603412
4146,43.620371369,0.020982778296,-365.3613588374014
4147,43.620371369,0.021434020839999998,-362.11671449729494
4148,43.620371369,0.021885263384,-359.75137256563266
4149,43.620371369,0.022336505928,-358.23554284717153
4150,43.620371369,0.022787748471999998,-357.54057656804355
4151,43.620371369,0.023238991016,-357.6389137275188
4152,43.620371369,0.02369023356,-358.5040333515077
4153,43.620371369,0.024141476103999998,-360.11040646176656
4154,43.620371369,0.024592718648,-362.43345159570293
4155,43.620371369,0.025043961192,-365.4494926896638
4156,43.620371369,0.025495203735999998,-369.1357192140519
4157,43.620371369,0.02594644628,-373.47014838850805
4158,43.620371369,0.026397688824,-378.4315893488534
4159,43.620371369,0.026848931367999998,-383.99960919809587
4160,43.620371369,0.027300173912,-390.154500732054
4161,43.620371369,0.027751416456,-396.8772518456213
4162,43.620371369,0.028202658999999998,-404.14951645556886
4163,43.620371369,0.028653901544,-411.95358684728404
4164,43.620371369,0.029105144088,-420.2723673860796
4165,43.620371369,0.029556386631999998,-429.08934956758026
4166,43.620371369,0.030007629176,-438.3885881362024
4167,43.620371369,0.03045887172,-448.15467855697227
4168,43.620371369,0.030910114263999998,-458.372735314557
4169,43.620371369,0.031361356808,-469.0283714320248
4170,43.620371369,0.031812599351999996,-480.10767886805064
4171,43.620371369,0.032263841896,-491.5972097743446
4172,43.620371369,0.03271508444,-503.48395869197265
4173,43.620371369,0.033166326983999996,-515.7553455604764
4174,43.620371369,0.033617569528,-528.3991994561686
4175,43.620371369,0.034068812072,-541.4037429733028
4176,43.620371369,0.034520054615999995,-554.7575775534292
4177,43.620371369,0.03497129716,-568.4496692157554
4178,43.620371369,0.035422539704,-582.4693350209857
4179,43.620371369,0.035873782247999995,-596.8062300383832
4180,43.620371369,0.036325024792,-611.4503350931238
4181,43.620371369,0.036776267336,-626.3919448038528
4182,43.620371369,0.037227509879999995,-641.6216561639708
4183,43.620371369,0.037678752424,-657.1303577563385
4184,43.620371369,0.038129994968,-672.9092192878967
4185,43.620371369,0.038581237511999995,-688.9496815169416
4186,43.620371369,0.039032480056,-705.243446885399
4187,43.620371369,0.0394837226,-721.7824700320061
4188,43.620371369,0.039934965143999995,-738.5589492843253
4189,43.620371369,0.040386207688,-755.5653179214905
4190,43.620371369,0.040837450232,-772.7942363333085
4191,43.620371369,0.041288692775999995,-790.2385839753983
4192,43.620371369,0.04173993532,-807.891452158887
4193,43.620371369,0.042191177864,-825.746136546251
4194,43.620371369,0.042642420407999995,-843.7961305657523
4195,43.620371369,0.043093662952,-862.0351185845798
4196,43.620371369,0.043544905496,-880.4569695864939
4197,43.620371369,0.043996148039999995,-899.0557310809588
4198,43.620371369,0.044447390584,-917.8256232065705
4199,43.620371369,0.044898633128,-936.7610329099975
4200,44.671464654999994,0.000225621272,-2435.38050878098
4201,44.671464654999994,0.000676863816,-2315.0597045807617
4202,44.671464654999994,0.00112810636,-2200.855038675964
4203,44.671464654999994,0.001579348904,-2092.2217392295333
4204,44.671464654999994,0.002030591448,-1988.9396968340259
4205,44.671464654999994,0.0024818339919999996,-1890.7711660892742
4206,44.671464654999994,0.0029330765359999998,-1797.4761167016534
4207,44.671464654999994,0.0033843190799999995,-1708.8217134009953
4208,44.671464654999994,0.0038355616239999996,-1624.585872238962
4209,44.671464654999994,0.004286804168,-1544.5583092393279
4210,44.671464654999994,0.004738046712,-1468.5405501589894
4211,44.671464654999994,0.0051892892559999996,-1396.3455059149267
4212,44.671464654999994,0.0056405318,-1327.796874108872
4213,44.671464654999994,0.006091774344,-1262.7284843069028
4214,44.671464654999994,0.0065430168879999995,-1200.9836417002289
4215,44.671464654999994,0.006994259432,-1142.4144946059064
4216,44.671464654999994,0.007445501976,-1086.881437043793
4217,44.671464654999994,0.007896744519999999,-1034.2525505268566
4218,44.671464654999994,0.008347987064,-984.4030856457034
4219,44.671464654999994,0.008799229607999998,-937.214982208694
4220,44.671464654999994,0.009250472151999999,-892.576425799579
4221,44.671464654999994,0.009701714695999999,-850.3814383727738
4222,44.671464654999994,0.010152957239999998,-810.5295002192522
4223,44.671464654999994,0.010604199783999999,-772.9252008680943
4224,44.671464654999994,0.011055442327999999,-737.4779165643379
4225,44.671464654999994,0.011506684871999998,-704.1015119739977
4226,44.671464654999994,0.011957927415999998,-672.7140642399942
4227,44.671464654999994,0.012409169959999999,-643.2376073521887
4228,44.671464654999994,0.012860412503999998,-615.5978952004449
4229,44.671464654999994,0.013311655047999998,-589.7241817071558
4230,44.671464654999994,0.013762897591999999,-565.549016629316
4231,44.671464654999994,0.014214140135999998,-543.0080557170545
4232,44.671464654999994,0.014665382679999998,-522.039884100534
4233,44.671464654999994,0.015116625223999999,-502.5858517372036
4234,44.671464654999994,0.015567867767999998,-484.5899200973873
4235,44.671464654999994,0.016019110312,-467.99851901772007
4236,44.671464654999994,0.016470352856,-452.7604130917651
4237,44.671464654999994,0.0169215954,-438.8265767743168
4238,44.671464654999994,0.017372837944,-426.1500775113056
4239,44.671464654999994,0.017824080488,-414.6859663578359
4240,44.671464654999994,0.018275323032,-404.39117545584713
4241,44.671464654999994,0.018726565576,-395.22442193215653
4242,44.671464654999994,0.01917780812,-387.146117674311
4243,44.671464654999994,0.019629050664,-380.11828459331855
4244,44.671464654999994,0.020080293207999998,-374.10447501736326
4245,44.671464654999994,0.020531535752,-369.06969678848753
4246,44.671464654999994,0.020982778296,-364.9803427574625
4247,44.671464654999994,0.021434020839999998,-361.80412441236143
4248,44.671464654999994,0.021885263384,-359.510009283726
4249,44.671464654999994,0.022336505928,-358.0681619394856
4250,44.671464654999994,0.022787748471999998,-357.4498882916516
4251,44.671464654999994,0.023238991016,-357.62758300793337
4252,44.671464654999994,0.02369023356,-358.5746798192453
4253,44.671464654999994,0.024141476103999998,-360.2656045399915
4254,44.671464654999994,0.024592718648,-362.675730632715
4255,44.671464654999994,0.025043961192,-365.7813371340275
4256,44.671464654999994,0.025495203735999998,-369.55956882884504
4257,44.671464654999994,0.02594644628,-373.98839849929226
4258,44.671464654999994,0.026397688824,-379.04659112543794
4259,44.671464654999994,0.026848931367999998,-384.713669964573
4260,44.671464654999994,0.027300173912,-390.96988430424733
4261,44.671464654999994,0.027751416456,-397.79617889361765
4262,44.671464654999994,0.028202658999999998,-405.17416488485804
4263,44.671464654999994,0.028653901544,-413.08609220468685
4264,44.671464654999994,0.029105144088,-421.51482328061513
4265,44.671464654999994,0.029556386631999998,-430.44380810731826
4266,44.671464654999994,0.030007629176,-439.8570603825477
4267,44.671464654999994,0.03045887172,-449.7391349875319
4268,44.671464654999994,0.030910114263999998,-460.0751063010675
4269,44.671464654999994,0.031361356808,-470.8505477269049
4270,44.671464654999994,0.031812599351999996,-482.05151209926896
4271,44.671464654999994,0.032263841896,-493.6645129480953
4272,44.671464654999994,0.03271508444,-505.6765067052135
4273,44.671464654999994,0.033166326983999996,-518.0748757136862
4274,44.671464654999994,0.033617569528,-530.8474119710861
4275,44.671464654999994,0.034068812072,-543.9823015220921
4276,44.671464654999994,0.034520054615999995,-557.4681097807854
4277,44.671464654999994,0.03497129716,-571.2937672659546
4278,44.671464654999994,0.035422539704,-585.4485560713129
4279,44.671464654999994,0.035873782247999995,-599.9220968258683
4280,44.671464654999994,0.036325024792,-614.7043364496587
4281,44.671464654999994,0.036776267336,-629.7855361791637
4282,44.671464654999994,0.037227509879999995,-645.1562601615059
4283,44.671464654999994,0.037678752424,-660.8073646554367
4284,44.671464654999994,0.038129994968,-676.7299875749443
4285,44.671464654999994,0.038581237511999995,-692.9155384029564
4286,44.671464654999994,0.039032480056,-709.3556888268951
4287,44.671464654999994,0.0394837226,-726.04236325476
4288,44.671464654999994,0.039934965143999995,-742.967730277664
4289,44.671464654999994,0.040386207688,-760.1241939785848
4290,44.671464654999994,0.040837450232,-777.5043860320602
4291,44.671464654999994,0.041288692775999995,-795.101157689903
4292,44.671464654999994,0.04173993532,-812.9075725553824
4293,44.671464654999994,0.042191177864,-830.9168990774131
4294,44.671464654999994,0.042642420407999995,-849.1226039462449
4295,44.671464654999994,0.043093662952,-867.5183452897602
4296,44.671464654999994,0.043544905496,-886.0979663240116
4297,44.671464654999994,0.043996148039999995,-904.8554892559212
4298,44.671464654999994,0.044447390584,-923.7851093878708
4299,44.671464654999994,0.044898633128,-942.881189299286
4300,45.722557941,0.000225621272,-2435.303053769898
4301,45.722557941,0.000676863816,-2314.898236360549
4302,45.722557941,0.00112810636,-2200.6387989273194
4303,45.722557941,0.001579348904,-2091.9499706586453
4304,45.722557941,0.002030591448,-1988.6110179054995
4305,45.722557941,0.0024818339919999996,-1890.3852041642888
4306,45.722557941,0.0029330765359999998,-1797.0333513499343
4307,45.722557941,0.0033843190799999995,-1708.3232533085982
4308,45.722557941,0.0038355616239999996,-1624.0332955211238
4309,45.722557941,0.004286804168,-1543.953554719465
4310,45.722557941,0.004738046712,-1467.885841414712
4311,45.722557941,0.0051892892559999996,-1395.6432960550835
4312,45.722557941,0.0056405318,-1327.049804009354
4313,45.722557941,0.006091774344,-1261.9393499120686
4314,45.722557941,0.0065430168879999995,-1200.1553676821084
4315,45.722557941,0.006994259432,-1141.5501126350468
4316,45.722557941,0.007445501976,-1085.9840675319185
4317,45.722557941,0.007896744519999999,-1033.3253870545022
4318,45.722557941,0.008347987064,-983.4493815223068
4319,45.722557941,0.008799229607999998,-936.2380387686703
4320,45.722557941,0.009250472151999999,-891.5795821284339
4321,45.722557941,0.009701714695999999,-849.368062241994
4322,45.722557941,0.010152957239999998,-809.5029800419932
4323,45.722557941,0.010604199783999999,-771.8889385458899
4324,45.722557941,0.011055442327999999,-736.4353210944982
4325,45.722557941,0.011506684871999998,-703.0559937388932
4326,45.722557941,0.011957927415999998,-671.6690298813503
4327,45.722557941,0.012409169959999999,-642.1964551789004
4328,45.722557941,0.012860412503999998,-614.564011060673
4329,45.722557941,0.013311655047999998,-588.7009352834555
4330,45.722557941,0.013762897591999999,-564.5397581115262
4331,45.722557941,0.014214140135999998,-542.0161128126858
4332,45.722557941,0.014665382679999998,-521.0685593552794
4333,45.722557941,0.015116625223999999,-501.63842013285324
4334,45.722557941,0.015567867767999998,-483.66962690033534
4335,45.722557941,0.016019110312,-467.1085778600293
4336,45.722557941,0.016470352856,-451.90400426238
4337,45.722557941,0.0169215954,-438.00684569623945
4338,45.722557941,0.017372837944,-425.37013339979154
4339,45.722557941,0.017824080488,-413.94888103166227
4340,45.722557941,0.018275323032,-403.6999823019616
4341,45.722557941,0.018726565576,-394.58211499794896
4342,45.722557941,0.01917780812,-386.555650884979
4343,45.722557941,0.019629050664,-379.5825710832351
4344,45.722557941,0.020080293207999998,-373.6263865639262
4345,45.722557941,0.020531535752,-368.6520633399072
4346,45.722557941,0.020982778296,-364.6259520506656
4347,45.722557941,0.021434020839999998,-361.5157216680639
4348,45.722557941,0.021885263384,-359.29029697789514
4349,45.722557941,0.022336505928,-357.91979964175886
4350,45.722557941,0.022787748471999998,-357.37549256630246
4351,45.722557941,0.023238991016,-357.6297273719708
4352,45.722557941,0.02369023356,-358.6558947537132
4353,45.722557941,0.024141476103999998,-360.428377549403
4354,45.722557941,0.024592718648,-362.9225063490495
4355,45.722557941,0.025043961192,-366.1145174619157
4356,45.722557941,0.025495203735999998,-369.98151312789247
4357,45.722557941,0.02594644628,-374.5014238004885
4358,45.722557941,0.026397688824,-379.6529723793462
4359,45.722557941,0.026848931367999998,-385.4156403175383
4360,45.722557941,0.027300173912,-391.7696354021528
4361,45.722557941,0.027751416456,-398.6958612078585
4362,45.722557941,0.028202658999999998,-406.17588806188627
4363,45.722557941,0.028653901544,-414.1919254321537
4364,45.722557941,0.029105144088,-422.72679567525034
4365,45.722557941,0.029556386631999998,-431.76390911447595
4366,45.722557941,0.030007629176,-441.2872401956742
4367,45.722557941,0.03045887172,-451.2813049734816
4368,45.722557941,0.030910114263999998,-461.7311394454164
4369,45.722557941,0.031361356808,-472.62227908033026
4370,45.722557941,0.031812599351999996,-483.94073924002186
4371,45.722557941,0.032263841896,-495.67299645018414
4372,45.722557941,0.03271508444,-507.8059706090066
4373,45.722557941,0.033166326983999996,-520.3270080136582
4374,45.722557941,0.033617569528,-533.2238650927889
4375,45.722557941,0.034068812072,-546.4846928171252
4376,45.722557941,0.034520054615999995,-560.098022015665
4377,45.722557941,0.03497129716,-574.0527491184939
4378,45.722557941,0.035422539704,-588.3381226237277
4379,45.722557941,0.035873782247999995,-602.9437300766277
4380,45.722557941,0.036325024792,-617.8594857897833
4381,45.722557941,0.036776267336,-633.0756189078043
4382,45.722557941,0.037227509879999995,-648.5826619755316
4383,45.722557941,0.037678752424,-664.3714401489196
4384,45.722557941,0.038129994968,-680.4330607334891
4385,45.722557941,0.038581237511999995,-696.7589030962272
4386,45.722557941,0.039032480056,-713.3406093054333
4387,45.722557941,0.0394837226,-730.1700746270008
4388,45.722557941,0.039934965143999995,-747.2394390093052
4389,45.722557941,0.040386207688,-764.5410783624056
4390,45.722557941,0.040837450232,-782.067596676683
4391,45.722557941,0.041288692775999995,-799.8118179920864
4392,45.722557941,0.04173993532,-817.7667791595502
4393,45.722557941,0.042191177864,-835.925722363863
4394,45.722557941,0.042642420407999995,-854.28208848042
4395,45.722557941,0.043093662952,-872.829510278837
4396,45.722557941,0.043544905496,-891.5618060686115
4397,45.722557941,0.043996148039999995,-910.4729736139269
4398,45.722557941,0.044447390584,-929.557184199
4399,45.722557941,0.044898633128,-948.8087768308201
4400,46.773651226999995,0.000225621272,-2435.228128911012
4401,46.773651226999995,0.000676863816,-2314.7410543731817
4402,46.773651226999995,0.00112810636,-2200.4295253759105
4403,46.773651226999995,0.001579348904,-2091.6880822464154
4404,46.773651226999995,0.002030591448,-1988.2951406720504
4405,46.773651226999995,0.0024818339919999996,-1890.0149083077436
4406,46.773651226999995,0.0029330765359999998,-1796.6090335233298
4407,46.773651226999995,0.0033843190799999995,-1707.8459253226506
4408,46.773651226999995,0.0038355616239999996,-1623.5044291610275
4409,46.773651226999995,0.004286804168,-1543.3749752144436
4410,46.773651226999995,0.004738046712,-1467.259652833198
4411,46.773651226999995,0.0051892892559999996,-1394.9718270660785
4412,46.773651226999995,0.0056405318,-1326.3355669231025
4413,46.773651226999995,0.006091774344,-1261.1850086814975
4414,46.773651226999995,0.0065430168879999995,-1199.3637121716245
4415,46.773651226999995,0.006994259432,-1140.7240374487794
4416,46.773651226999995,0.007445501976,-1085.126554254088
4417,46.773651226999995,0.007896744519999999,-1032.439489127626
4418,46.773651226999995,0.008347987064,-982.5382112168261
4419,46.773651226999995,0.008799229607999998,-935.3047558440851
4420,46.773651226999995,0.009250472151999999,-890.6273838949946
4421,46.773651226999995,0.009701714695999999,-848.400174789035
4422,46.773651226999995,0.010152957239999998,-808.5226504707623
4423,46.773651226999995,0.010604199783999999,-770.8994280515226
4424,46.773651226999995,0.011055442327999999,-735.4398987942129
4425,46.773651226999995,0.011506684871999998,-702.0579311541848
4426,46.773651226999995,0.011957927415999998,-670.6715959838789
4427,46.773651226999995,0.012409169959999999,-641.202911954026
4428,46.773651226999995,0.012860412503999998,-613.5776095185691
4429,46.773651226999995,0.013311655047999998,-587.7249118720958
4430,46.773651226999995,0.013762897591999999,-563.5773314981448
4431,46.773651226999995,0.014214140135999998,-541.0704809894501
4432,46.773651226999995,0.014665382679999998,-520.1428970372904
4433,46.773651226999995,0.015116625223999999,-500.73587642870444
4434,46.773651226999995,0.015567867767999998,-482.79332322283375
4435,46.773651226999995,0.016019110312,-466.2616060567857
4436,46.773651226999995,0.016470352856,-451.08942494945654
4437,46.773651226999995,0.0169215954,-437.22768677445714
4438,46.773651226999995,0.017372837944,-424.62938873693304
4439,46.773651226999995,0.017824080488,-413.2495093006908
4440,46.773651226999995,0.018275323032,-403.0449059576253
4441,46.773651226999995,0.018726565576,-393.9742193818957
4442,46.773651226999995,0.01917780812,-385.99778345068256
4443,46.773651226999995,0.019629050664,-379.0775407279738
4444,46.773651226999995,0.020080293207999998,-373.1769630606296
4445,46.773651226999995,0.020531535752,-368.26097686046916
4446,46.773651226999995,0.020982778296,-364.29589277301017
4447,46.773651226999995,0.021434020839999998,-361.2493394612787
4448,46.773651226999995,0.021885263384,-359.0902011580843
4449,46.773651226999995,0.022336505928,-357.7885587935613
4450,46.773651226999995,0.022787748471999998,-357.31563442464136
4451,46.773651226999995,0.023238991016,-357.6437387593395
4452,46.773651226999995,0.02369023356,-358.7462215679703
4453,46.773651226999995,0.024141476103999998,-360.5974247994646
4454,46.773651226999995,0.024592718648,-363.17263823271145
4455,46.773651226999995,0.025043961192,-366.44805748385045
4456,46.773651226999995,0.025495203735999998,-370.4007442531834
4457,46.773651226999995,0.02594644628,-375.008588642622
4458,46.773651226999995,0.026397688824,-380.25027341907816
4459,46.773651226999995,0.026848931367999998,-386.10524014705226
4460,46.773651226999995,0.027300173912,-392.5536569986086
4461,46.773651226999995,0.027751416456,-399.57638822714597
4462,46.773651226999995,0.028202658999999998,-407.15496515599574
4463,46.773651226999995,0.028653901544,-415.2715585815625
4464,46.773651226999995,0.029105144088,-423.90895254679987
4465,46.773651226999995,0.029556386631999998,-433.0505194274545
4466,46.773651226999995,0.030007629176,-442.6801961050561
4467,46.773651226999995,0.03045887172,-452.78246146803036
4468,46.773651226999995,0.030910114263999998,-463.3423147524292
4469,46.773651226999995,0.031361356808,-474.3452550862508
4470,46.773651226999995,0.031812599351999996,-485.77726191523266
4471,46.773651226999995,0.032263841896,-497.62477628694484
4472,46.773651226999995,0.03271508444,-509.8746830617275
4473,46.773651226999995,0.033166326983999996,-522.5142939453992
4474,46.773651226999995,0.033617569528,-535.5313312309793
4475,46.773651226999995,0.034068812072,-548.9139122098115
4476,46.773651226999995,0.034520054615999995,-562.6505344946042
4477,46.773651226999995,0.03497129716,-576.7300617576351
4478,46.773651226999995,0.035422539704,-591.1417102123669
4479,46.773651226999995,0.035873782247999995,-605.8750355761917
4480,46.773651226999995,0.036325024792,-620.9199208197249
4481,46.773651226999995,0.036776267336,-636.2665641957343
4482,46.773651226999995,0.037227509879999995,-651.905467836687
4483,46.773651226999995,0.037678752424,-667.8274269540339
4484,46.773651226999995,0.038129994968,-684.0235193673676
4485,46.773651226999995,0.038581237511999995,-700.4850954386491
4486,46.773651226999995,0.039032480056,-717.2037686732167
4487,46.773651226999995,0.0394837226,-734.1714062606579
4488,46.773651226999995,0.039934965143999995,-751.3801205118127
4489,46.773651226999995,0.040386207688,-768.822260171132
4490,46.773651226999995,0.040837450232,-786.4904025070638
4491,46.773651226999995,0.041288692775999995,-804.3773452874407
4492,46.773651226999995,0.04173993532,-822.4760995425286
4493,46.773651226999995,0.042191177864,-840.7798820851496
4494,46.773651226999995,0.042642420407999995,-859.2821088362614
4495,46.773651226999995,0.043093662952,-877.9763880733994
4496,46.773651226999995,0.043544905496,-896.8565140286274
4497,46.773651226999995,0.043996148039999995,-915.9164608137282
4498,46.773651226999995,0.044447390584,-935.150376492559
4499,46.773651226999995,0.044898633128,-954.5525772570011
4500,47.824744513,0.000225621272,-2435.15562367397
4501,47.824744513,0.000676863816,-2314.5878885847123
4502,47.824744513,0.00112810636,-2200.2267441693416
4503,47.824744513,0.001579348904,-2091.435400791544
4504,47.824744513,0.002030591448,-1987.9911987978087
4505,47.824744513,0.0024818339919999996,-1889.6592251766424
4506,47.824744513,0.0029330765359999998,-1796.2019291575675
4507,47.824744513,0.0033843190799999995,-1707.3883212532942
4508,47.824744513,0.0038355616239999996,-1622.9976977930128
4509,47.824744513,0.004286804168,-1542.8208354776332
4510,47.824744513,0.004738046712,-1466.6600968893374
4511,47.824744513,0.0051892892559999996,-1394.329067016364
4512,47.824744513,0.0056405318,-1325.651994611381
4513,47.824744513,0.006091774344,-1260.4631643438724
4514,47.824744513,0.0065430168879999995,-1198.6062592870708
4515,47.824744513,0.006994259432,-1139.933742081101
4516,47.824744513,0.007445501976,-1084.3062677592288
4517,47.824744513,0.007896744519999999,-1031.592133451673
4518,47.824744513,0.008347987064,-981.6667662474654
4519,47.824744513,0.008799229607999998,-934.4122484145585
4520,47.824744513,0.009250472151999999,-889.7168781575467
4521,47.824744513,0.009701714695999999,-847.4747637242542
4522,47.824744513,0.010152957239999998,-807.5854483697726
4523,47.824744513,0.010604199783999999,-769.9535638280183
4524,47.824744513,0.011055442327999999,-734.4885100173254
4525,47.824744513,0.011506684871999998,-701.1041587065758
4526,47.824744513,0.011957927415999998,-669.718579281988
4527,47.824744513,0.012409169959999999,-640.2537846482934
4528,47.824744513,0.012860412503999998,-612.6354956359985
4529,47.824744513,0.013311655047999998,-586.7929223495471
4530,47.824744513,0.013762897591999999,-562.6585610578435
4531,47.824744513,0.014214140135999998,-540.1680053368756
4532,47.824744513,0.014665382679999998,-519.2597703390513
4533,47.824744513,0.015116625223999999,-499.8751290495545
4534,47.824744513,0.015567867767999998,-481.9579596933289
4535,47.824744513,0.016019110312,-465.4546032561543
4536,47.824744513,0.016470352856,-450.3137304798145
4537,47.824744513,0.0169215954,-436.48621751138745
4538,47.824744513,0.017372837944,-423.92502954193026
4539,47.824744513,0.017824080488,-412.5851118799223
4540,47.824744513,0.018275323032,-402.42328785647834
4541,47.824744513,0.018726565576,-393.39816310253894
4542,47.824744513,0.01917780812,-385.4700356834834
4543,47.824744513,0.019629050664,-378.6008116876803
4544,47.824744513,0.020080293207999998,-372.753925916787
4545,47.824744513,0.020531535752,-367.89426725765674
4546,47.824744513,0.020982778296,-363.9881084309738
4547,47.824744513,0.021434020839999998,-361.00303984971384
4548,47.824744513,0.021885263384,-358.9079072407198
4549,47.824744513,0.022336505928,-357.67275283485554
4550,47.824744513,0.022787748471999998,-357.26875985493564
4551,47.824744513,0.023238991016,-357.6682000930602
4552,47.824744513,0.02369023356,-358.844384372034
4553,47.824744513,0.024141476103999998,-360.7716157061126
4554,47.824744513,0.024592718648,-363.4251449945129
4555,47.824744513,0.025043961192,-366.7811290674987
4556,47.824744513,0.025495203735999998,-370.8165909680833
4557,47.824744513,0.02594644628,-375.50938230262096
4558,47.824744513,0.026397688824,-380.83814753170003
4559,47.824744513,0.026848931367999998,-386.7822901335329
4560,47.824744513,0.027300173912,-393.32194043552937
4561,47.824744513,0.027751416456,-400.4379251143168
4562,47.824744513,0.028202658999999998,-408.1117382005644
4563,47.824744513,0.028653901544,-416.32551350657775
4564,47.824744513,0.029105144088,-425.0619984133558
4565,47.824744513,0.029556386631999998,-434.30452897234903
4566,47.824744513,0.030007629176,-444.03700609511117
4567,47.824744513,0.03045887172,-454.2438730655137
4568,47.824744513,0.030910114263999998,-464.91009389297614
4569,47.824744513,0.031361356808,-476.0211328654121
4570,47.824744513,0.031812599351999996,-487.5629349839705
4571,47.824744513,0.032263841896,-499.52190725996996
4572,47.824744513,0.03271508444,-511.88490092766824
4573,47.824744513,0.033166326983999996,-524.639194482412
4574,47.824744513,0.033617569528,-537.7724774348451
4575,47.824744513,0.034068812072,-551.2728347195696
4576,47.824744513,0.034520054615999995,-565.128732021619
4577,47.824744513,0.03497129716,-579.3290015295929
4578,47.824744513,0.035422539704,-593.8628283956359
4579,47.824744513,0.035873782247999995,-608.7197377321277
4580,47.824744513,0.036325024792,-623.8895823331263
4581,47.824744513,0.036776267336,-639.3625307200537
4582,47.824744513,0.037227509879999995,-655.1290557358247
4583,47.824744513,0.037678752424,-671.1799237449434
4584,47.824744513,0.038129994968,-687.5061841570812
4585,47.824744513,0.038581237511999995,-704.0991593696401
4586,47.824744513,0.039032480056,-720.9504353556104
4587,47.824744513,0.0394837226,-738.0518522135278
4588,47.824744513,0.039934965143999995,-755.3954955976162
4589,47.824744513,0.040386207688,-772.9736880206627
4590,47.824744513,0.040837450232,-790.7789809596679
4591,47.824744513,0.041288692775999995,-808.8041468162487
4592,47.824744513,0.04173993532,-827.0421716692827
4593,47.824744513,0.042191177864,-845.4862478074867
4594,47.824744513,0.042642420407999995,-864.1297670553633
4595,47.824744513,0.043093662952,-882.9663139820728
4596,47.824744513,0.043544905496,-901.9896595457379
4597,47.824744513,0.043996148039999995,-921.1937549756437
4598,47.824744513,0.044447390584,-940.5727258532756
4599,47.824744513,0.044898633128,-960.1208663004668
4600,48.875837798999996,0.000225621272,-2435.0854351270423
4601,48.875837798999996,0.000676863816,-2314.438493386522
4602,48.875837798999996,0.00112810636,-2200.030023326342
4603,48.875837798999996,0.001579348904,-2091.191311762635
4604,48.875837798999996,0.002030591448,-1987.6984009381313
4605,48.875837798999996,0.0024818339919999996,-1889.3171922735473
4606,48.875837798999996,0.0029330765359999998,-1795.8109103862573
4607,48.875837798999996,0.0033843190799999995,-1706.9491539233152
4608,48.875837798999996,0.0038355616239999996,-1622.5116613028692
4609,48.875837798999996,0.004286804168,-1542.2895491433856
4610,48.875837798999996,0.004738046712,-1466.0854479362192
4611,48.875837798999996,0.0051892892559999996,-1393.7131581949507
4612,48.875837798999996,0.0056405318,-1324.997104721141
4613,48.875837798999996,0.006091774344,-1259.7717174990744
4614,48.875837798999996,0.0065430168879999995,-1197.8808003083313
4615,48.875837798999996,0.006994259432,-1139.1769163185133
4616,48.875837798999996,0.007445501976,-1083.5208042354222
4617,48.875837798999996,0.007896744519999999,-1030.7808305566298
4618,48.875837798999996,0.008347987064,-980.8324794422792
4619,48.875837798999996,0.008799229607999998,-933.557879559931
4620,48.875837798999996,0.009250472151999999,-888.845366175159
4621,48.875837798999996,0.009701714695999999,-846.5890763729005
4622,48.875837798999996,0.010152957239999998,-806.6885749620594
4623,48.875837798999996,0.010604199783999999,-769.048508756658
4624,48.875837798999996,0.011055442327999999,-733.5782869765177
4625,48.875837798999996,0.011506684871999998,-700.1917855293902
4626,48.875837798999996,0.011957927415999998,-668.807073306381
4627,48.875837798999996,0.012409169959999999,-639.3461585613599
4628,48.875837798999996,0.012860412503999998,-611.7347537377946
4629,48.875837798999996,0.013311655047999998,-585.902057191217
4630,48.875837798999996,0.013762897591999999,-561.7805504203961
4631,48.875837798999996,0.014214140135999998,-539.3058095094677
4632,48.875837798999996,0.014665382679999998,-518.416329673546
4633,48.875837798999996,0.015116625223999999,-499.05336175972343
4634,48.875837798999996,0.015567867767999998,-481.16075988128665
4635,48.875837798999996,0.016019110312,-464.6848391434053
4636,48.875837798999996,0.016470352856,-449.574242821296
4637,48.875837798999996,0.0169215954,-435.77981818016787
4638,48.875837798999996,0.017372837944,-423.2545002701287
4639,48.875837798999996,0.017824080488,-411.9532031397656
4640,48.875837798999996,0.018275323032,-401.83271787284565
4641,48.875837798999996,0.018726565576,-392.85161698283764
4642,48.875837798999996,0.01917780812,-384.9701646563536
4643,48.875837798999996,0.019629050664,-378.15023244520586
4644,48.875837798999996,0.020080293207999998,-372.35522004516434
4645,48.875837798999996,0.020531535752,-367.5499807545233
4646,48.875837798999996,0.020982778296,-363.70075130202184
4647,48.875837798999996,0.021434020839999998,-360.7750857738248
4648,48.875837798999996,0.021885263384,-358.74179330465006
4649,48.875837798999996,0.022336505928,-357.57087932715723
4650,48.875837798999996,0.022787748471999998,-357.2334901162651
4651,48.875837798999996,0.023238991016,-357.70186041853884
4652,48.875837798999996,0.02369023356,-358.94926396113163
4653,48.875837798999996,0.024141476103999998,-360.9499666562177
4654,48.875837798999996,0.024592718648,-363.6791823359852
4655,48.875837798999996,0.025043961192,-367.11303083442164
4656,48.875837798999996,0.025495203735999998,-371.2284983045044
4657,48.875837798999996,0.02594644628,-376.0033995991832
4658,48.875837798999996,0.026397688824,-381.4163425932273
4659,48.875837798999996,0.026848931367999998,-387.4466943704449
4660,48.875837798999996,0.027300173912,-394.07454908242096
4661,48.875837798999996,0.027751416456,-401.2806974679806
4662,48.875837798999996,0.028202658999999998,-409.04659788027203
4663,48.875837798999996,0.028653901544,-417.35434873495893
4664,48.875837798999996,0.029105144088,-426.1866623084529
4665,48.875837798999996,0.029556386631999998,-435.52683986016115
4666,48.875837798999996,0.030007629176,-445.35874783788825
4667,48.875837798999996,0.03045887172,-455.66679539284917
4668,48.875837798999996,0.030910114263999998,-466.4359127560708
4669,48.875837798999996,0.031361356808,-477.6515307959648
4670,48.875837798999996,0.031812599351999996,-489.299561461731
4671,48.875837798999996,0.032263841896,-501.36637908875394
4672,48.875837798999996,0.03271508444,-513.8388026225532
4673,48.875837798999996,0.033166326983999996,-526.704078660812
4674,48.875837798999996,0.033617569528,-539.9498651994313
4675,48.875837798999996,0.034068812072,-553.5642160816667
4676,48.875837798999996,0.034520054615999995,-567.5355662888521
4677,48.875837798999996,0.03497129716,-581.852717714668
4678,48.875837798999996,0.035422539704,-596.504825638202
4679,48.875837798999996,0.035873782247999995,-611.4813857039225
4680,48.875837798999996,0.036325024792,-626.7722216505923
4681,48.875837798999996,0.036776267336,-642.3674733634227
4682,48.875837798999996,0.037227509879999995,-658.2575854650031
4683,48.875837798999996,0.037678752424,-674.4332965160651
4684,48.875837798999996,0.038129994968,-690.8856285396239
4685,48.875837798999996,0.038581237511999995,-707.6058769601112
4686,48.875837798999996,0.039032480056,-724.5856011924621
4687,48.875837798999996,0.0394837226,-741.8166151888136
4688,48.875837798999996,0.039934965143999995,-759.2909788719478
4689,48.875837798999996,0.040386207688,-777.0009894357681
4690,48.875837798999996,0.040837450232,-794.9391734327462
4691,48.875837798999996,0.041288692775999995,-813.0982787559867
4692,48.875837798999996,0.04173993532,-831.4712673804273
4693,48.875837798999996,0.042191177864,-850.0513078858849
4694,48.875837798999996,0.042642420407999995,-868.8317687771247
4695,48.875837798999996,0.043093662952,-887.8062117123018
4696,48.875837798999996,0.043544905496,-906.9683851148154
4697,48.875837798999996,0.043996148039999995,-926.3122180705006
4698,48.875837798999996,0.044447390584,-945.8318144008219
4699,48.875837798999996,0.044898633128,-965.5214468469434
4700,49.926931085,0.000225621272,-2435.0174671713794
4701,49.926931085,0.000676863816,-2314.292644951999
4702,49.926931085,0.00112810636,-2199.838968296354
4703,49.926931085,0.001579348904,-2090.9552531102954
4704,49.926931085,0.002030591448,-1987.4160228492774
4705,49.926931085,0.0024818339919999996,-1888.9879283979988
4706,49.926931085,0.0029330765359999998,-1795.4349443891574
4707,49.926931085,0.0033843190799999995,-1706.5272444653797
4708,49.926931085,0.0038355616239999996,-1622.045000634402
4709,49.926931085,0.004286804168,-1541.7796631086019
4710,49.926931085,0.004738046712,-1465.5341252254648
4711,49.926931085,0.0051892892559999996,-1393.1223988355953
4712,49.926931085,0.0056405318,-1324.3690812894915
4713,49.926931085,0.006091774344,-1259.1087449670651
4714,49.926931085,0.0065430168879999995,-1197.185311938428
4715,49.926931085,0.006994259432,-1138.4514439467275
4716,49.926931085,0.007445501976,-1082.767961817805
4717,49.926931085,0.007896744519999999,-1030.003300231752
4718,49.926931085,0.008347987064,-980.0329995714599
4719,49.926931085,0.008799229607999998,-932.7392343559304
4720,49.926931085,0.009250472151999999,-888.0103766374434
4721,49.926931085,0.009701714695999999,-845.7405923088584
4722,49.926931085,0.010152957239999998,-805.8294679266065
4723,49.926931085,0.010604199783999999,-768.1816657806124
4724,49.926931085,0.011055442327999999,-732.7066049687653
4725,49.926931085,0.011506684871999998,-699.318166273104
4726,49.926931085,0.011957927415999998,-667.9344189756617
4727,49.926931085,0.012409169959999999,-638.4773676922348
4728,49.926931085,0.012860412503999998,-610.8727176088419
4729,49.926931085,0.013311655047999998,-585.0496565661931
4730,49.926931085,0.013762897591999999,-560.9406526172543
4731,49.926931085,0.014214140135999998,-538.4812657611008
4732,49.926931085,0.014665382679999998,-517.6099727507349
4733,49.926931085,0.015116625223999999,-498.26800383836036
4734,49.926931085,0.015567867767999998,-480.3991906165472
4735,49.926931085,0.016019110312,-463.9498239509177
4736,49.926931085,0.016470352856,-448.8685213296364
4737,49.926931085,0.0169215954,-435.10610285000644
4738,49.926931085,0.017372837944,-422.61547516142656
4739,49.926931085,0.017824080488,-411.3515228164892
4740,49.926931085,0.018275323032,-401.27100643215346
4741,49.926931085,0.018726565576,-392.33246719795306
4742,49.926931085,0.01917780812,-384.49613722560576
4743,49.926931085,0.019629050664,-377.7238553384232
4744,49.926931085,0.020080293207999998,-371.9789879375214
4745,49.926931085,0.020531535752,-367.2263545423295
4746,49.926931085,0.020982778296,-363.43215769486994
4747,49.926931085,0.021434020839999998,-360.5639169548954
4748,49.926931085,0.021885263384,-358.59040665580847
4749,49.926931085,0.022336505928,-357.48159721213926
4750,49.926931085,0.022787748471999998,-357.2085997187002
4751,49.926931085,0.023238991016,-357.74361362983984
4752,49.926931085,0.02369023356,-359.0598773142747
4753,49.926931085,0.024141476103999998,-361.1316213026512
4754,49.926931085,0.024592718648,-363.934024061121
4755,49.926931085,0.025043961192,-367.44317010952585
4756,49.926931085,0.025495203735999998,-371.6360103714706
4757,49.926931085,0.02594644628,-376.49032458722803
4758,49.926931085,0.026397688824,-381.98468566120727
4759,49.926931085,0.026848931367999998,-388.0984258777059
4760,49.926931085,0.027300173912,-394.81160478273614
4761,49.926931085,0.027751416456,-402.10497872398224
4762,49.926931085,0.028202658999999998,-409.9599719003076
4763,49.926931085,0.028653901544,-418.3586488226844
4764,49.926931085,0.029105144088,-427.28368813883714
4765,49.926931085,0.029556386631999998,-436.7183577613483
4766,49.926931085,0.030007629176,-446.64649109181397
4767,49.926931085,0.03045887172,-457.0524645450816
4768,49.926931085,0.030910114263999998,-467.9211759442798
4769,49.926931085,0.031361356808,-479.23802407795483
4770,49.926931085,0.031812599351999996,-490.988889159912
4771,49.926931085,0.032263841896,-503.16011414257247
4772,49.926931085,0.03271508444,-515.7384869465486
4773,49.926931085,0.033166326983999996,-528.7112235064717
4774,49.926931085,0.033617569528,-542.0659515297134
4775,49.926931085,0.034068812072,-555.7906949426452
4776,49.926931085,0.034520054615999995,-569.8738591920135
4777,49.926931085,0.03497129716,-584.3042170202424
4778,49.926931085,0.035422539704,-599.0708949338937
4779,49.926931085,0.035873782247999995,-614.1633602050795
4780,49.926931085,0.036325024792,-629.5714085817483
4781,49.926931085,0.036776267336,-645.2851523548748
4782,49.926931085,0.037227509879999995,-661.2950089449173
4783,49.926931085,0.037678752424,-677.5916900963932
4784,49.926931085,0.038129994968,-694.166191420944
4785,49.926931085,0.038581237511999995,-711.00978231676
4786,49.926931085,0.039032480056,-728.1139965623618
4787,49.926931085,0.0394837226,-745.470622874185
4788,49.926931085,0.039934965143999995,-763.0716963220611
4789,49.926931085,0.040386207688,-780.9094896348796
4790,49.926931085,0.040837450232,-798.9765052894404
4791,49.926931085,0.041288692775999995,-817.265467490687
4792,49.926931085,0.04173993532,-835.7693148974759
4793,49.926931085,0.042191177864,-854.4811931606935
4794,49.926931085,0.042642420407999995,-873.3944482340148
4795,49.926931085,0.043093662952,-892.5026195958724
4796,49.926931085,0.043544905496,-911.7994338595463
4797,49.926931085,0.043996148039999995,-931.2787986784878
4798,49.926931085,0.044447390584,-950.9347967827213
4799,49.926931085,0.044898633128,-970.7616802107248
4800,50.978024371,0.000225621272,-2434.951629873861
4801,50.978024371,0.000676863816,-2314.150138925332
4802,50.978024371,0.00112810636,-2199.6532180703557
4803,50.978024371,0.001579348904,-2090.726709849311
4804,50.978024371,0.002030591448,-1987.1434004761397
4805,50.978024371,0.0024818339919999996,-1888.670625283253
4806,50.978024371,0.0029330765359999998,-1795.073083619675
4807,50.978024371,0.0033843190799999995,-1706.1215111927777
4808,50.978024371,0.0038355616239999996,-1621.5965053567081
4809,50.978024371,0.004286804168,-1541.2898438497136
4810,50.978024371,0.004738046712,-1465.0046780312575
4811,50.978024371,0.0051892892559999996,-1392.5552271100805
4812,50.978024371,0.0056405318,-1323.766257664347
4813,50.978024371,0.006091774344,-1258.4724816940507
4814,50.978024371,0.0065430168879999995,-1196.5179372674493
4815,50.978024371,0.006994259432,-1137.7553828281627
4816,50.978024371,0.007445501976,-1082.0457198356407
4817,50.978024371,0.007896744519999999,-1029.257450012443
4818,50.978024371,0.008347987064,-979.266169132712
4819,50.978024371,0.008799229607999998,-931.9540970213648
4820,50.978024371,0.009250472151999999,-887.2096422286927
4821,50.978024371,0.009701714695999999,-844.9269993962547
4822,50.978024371,0.010152957239999998,-805.0057769801226
4823,50.978024371,0.010604199783999999,-767.350653086653
4824,50.978024371,0.011055442327999999,-731.871057201316
4825,50.978024371,0.011506684871999998,-698.4808756457062
4826,50.978024371,0.011957927415999998,-667.0981788925293
4827,50.978024371,0.012409169959999999,-637.6449688442077
4828,50.978024371,0.012860412503999998,-610.0469444644236
4829,50.978024371,0.013311655047999998,-584.2332842120102
4830,50.978024371,0.013762897591999999,-560.1364439130523
4831,50.978024371,0.014214140135999998,-537.6919687802836
4832,50.978024371,0.014665382679999998,-516.8383184701564
4833,50.978024371,0.015116625223999999,-497.5167040626624
4834,50.978024371,0.015567867767999998,-479.6709361099651
4835,50.978024371,0.016019110312,-463.2472827569802
4836,50.978024371,0.016470352856,-448.19433726702795
4837,50.978024371,0.0169215954,-434.4628941610691
4838,50.978024371,0.017372837944,-422.0058333093445
4839,50.978024371,0.017824080488,-410.7780114100245
4840,50.978024371,0.018275323032,-400.73616027291956
4841,50.978024371,0.018726565576,-391.8387914374237
4842,50.978024371,0.01917780812,-384.04610662352434
4843,50.978024371,0.019629050664,-377.3199136155144
4844,50.978024371,0.020080293207999998,-371.6235472123221
4845,50.978024371,0.020531535752,-366.9217948467879
4846,50.978024371,0.020982778296,-363.18082656517987
4847,50.978024371,0.021434020839999998,-360.36812908547853
4848,50.978024371,0.021885263384,-358.4524436177266
4849,50.978024371,0.022336505928,-357.4037072278412
4850,50.978024371,0.022787748471999998,-357.19299748860084
4851,50.978024371,0.023238991016,-357.7924802074636
4852,50.978024371,0.02369023356,-359.1753600262956
4853,50.978024371,0.024141476103999998,-361.3158337104202
4854,50.978024371,0.024592718648,-364.18904595856077
4855,50.978024371,0.025043961192,-367.77104755905196
4856,50.978024371,0.025495203735999998,-372.0387557691397
4857,50.978024371,0.02594644628,-376.96991675806777
4858,50.978024371,0.026397688824,-382.54306998589124
4859,50.978024371,0.026848931367999998,-388.73751443781447
4860,50.978024371,0.027300173912,-395.53327653463367
4861,50.978024371,0.027751416456,-402.91107969220315
4862,50.978024371,0.028202658999999998,-410.8523153883432
4863,50.978024371,0.028653901544,-419.3390156475446
4864,50.978024371,0.029105144088,-428.353826874355
4865,50.978024371,0.029556386631999998,-437.8799850010843
4866,50.978024371,0.030007629176,-447.9012917272626
4867,50.978024371,0.03045887172,-458.4020920497668
4868,50.978024371,0.030910114263999998,-469.36725267832884
4869,50.978024371,0.031361356808,-480.7821415907277
4870,50.978024371,0.031812599351999996,-492.63260851606356
4871,50.978024371,0.032263841896,-504.90496624397997
4872,50.978024371,0.03271508444,-517.5859728696241
4873,50.978024371,0.033166326983999996,-530.6628148392839
4874,50.978024371,0.033617569528,-544.1230907229217
4875,50.978024371,0.034068812072,-557.9547956597455
4876,50.978024371,0.034520054615999995,-572.1463066654678
4877,50.978024371,0.03497129716,-586.6863684041755
4878,50.978024371,0.035422539704,-601.5640796831779
4879,50.978024371,0.035873782247999995,-616.7688804280986
4880,50.978024371,0.036325024792,-632.2905394094396
4881,50.978024371,0.036776267336,-648.1191423110052
4882,50.978024371,0.037227509879999995,-664.2450803188694
4883,50.978024371,0.037678752424,-680.6590393178597
4884,50.978024371,0.038129994968,-697.3519894154268
4885,50.978024371,0.038581237511999995,-714.3151748993121
4886,50.978024371,0.039032480056,-731.5401047915545
4887,50.978024371,0.0394837226,-749.0185434337866
4888,50.978024371,0.039934965143999995,-766.7425018763234
4889,50.978024371,0.040386207688,-784.7042292138979
4890,50.978024371,0.040837450232,-802.8962046471295
4891,50.978024371,0.041288692775999995,-821.3111294667626
4892,50.978024371,0.04173993532,-839.9419197868141
4893,50.978024371,0.042191177864,-858.7816990737765
4894,50.978024371,0.042642420407999995,-877.8237914546391
4895,50.978024371,0.043093662952,-897.061714928544
4896,50.978024371,0.043544905496,-916.4891750025006
4897,50.978024371,0.043996148039999995,-936.1000585485444
4898,50.978024371,0.044447390584,-955.8884278853401
4899,50.978024371,0.044898633128,-975.8485149769723
4900,52.02911765699999,0.000225621272,-2434.8878388824814
4901,52.02911765699999,0.000676863816,-2314.0107883922296
4902,52.02911765699999,0.00112810636,-2199.47244176377
4903,52.02911765699999,0.001579348904,-2090.5052092920105
4904,52.02911765699999,0.002030591448,-1986.879923872651
4905,52.02911765699999,0.0024818339919999996,-1888.364540236978
4906,52.02911765699999,0.0029330765359999998,-1794.7244572087864
4907,52.02911765699999,0.0033843190799999995,-1705.7309598080483
4908,52.02911765699999,0.0038355616239999996,-1621.1650627210063
4909,52.02911765699999,0.004286804168,-1540.8188653796803
4910,52.02911765699999,0.004738046712,-1464.4957725580641
4911,52.02911765699999,0.0051892892559999996,-1392.010207037902
4912,52.02911765699999,0.0056405318,-1323.1871014671603
4913,52.02911765699999,0.006091774344,-1257.8613048311993
4914,52.02911765699999,0.0065430168879999995,-1195.8769690077197
4915,52.02911765699999,0.006994259432,-1137.0869473580315
4916,52.02911765699999,0.007445501976,-1081.3522205491781
4917,52.02911765699999,0.007896744519999999,-1028.5413562423228
4918,52.02911765699999,0.008347987064,-978.5300047976361
4919,52.02911765699999,0.008799229607999998,-931.2004308029773
4920,52.02911765699999,0.009250472151999999,-886.4410790050622
4921,52.02911765699999,0.009701714695999999,-844.146172711849
4922,52.02911765699999,0.010152957239999998,-804.2153423939876
4923,52.02911765699999,0.010604199783999999,-766.5532822633645
4924,52.02911765699999,0.011055442327999999,-731.0694326483977
4925,52.02911765699999,0.011506684871999998,-697.6776860075395
4926,52.02911765699999,0.011957927415999998,-666.2961147304593
4927,52.02911765699999,0.012409169959999999,-636.8467188515438
4928,52.02911765699999,0.012860412503999998,-609.255192059502
4929,52.02911765699999,0.013311655047999998,-583.4507044741143
4930,52.02911765699999,0.013762897591999999,-559.3657008197931
4931,52.02911765699999,0.014214140135999998,-536.935712719007
4932,52.02911765699999,0.014665382679999998,-516.0991839976198
4933,52.02911765699999,0.015116625223999999,-496.7973078834514
4934,52.02911765699999,0.015567867767999998,-478.97387525669564
4935,52.02911765699999,0.016019110312,-462.5751329586311
4936,52.02911765699999,0.016470352856,-447.5496514767951
4937,52.02911765699999,0.0169215954,-433.84820124002573
4938,52.02911765699999,0.017372837944,-421.4236368470648
4939,52.02911765699999,0.017824080488,-410.23078867392616
4940,52.02911765699999,0.018275323032,-400.22636127303866
4941,52.02911765699999,0.018726565576,-391.36883809607906
4942,52.02911765699999,0.01917780812,-383.6183920444212
4943,52.02911765699999,0.019629050664,-376.9368014428139
4944,52.02911765699999,0.020080293207999998,-371.287371071616
4945,52.02911765699999,0.020531535752,-366.634857863297
4946,52.02911765699999,0.020982778296,-362.9454009503862
4947,52.02911765699999,0.021434020839999998,-360.1864557894401
4948,52.02911765699999,0.021885263384,-358.3267320414758
4949,52.02911765699999,0.022336505928,-357.3361349899239
4950,52.02911765699999,0.022787748471999998,-357.18571024230374
4951,52.02911765699999,0.023238991016,-357.84759150541714
4952,52.02911765699999,0.02369023356,-359.29495122768554
4953,52.02911765699999,0.024141476103999998,-361.501953928537
4954,52.02911765699999,0.024592718648,-364.44371204507735
4955,52.02911765699999,0.025043961192,-368.0962441223106
4956,52.02911765699999,0.025495203735999998,-372.43643522270827
4957,52.02911765699999,0.02594644628,-377.44199940081245
4958,52.02911765699999,0.026397688824,-383.09144410576437
4959,52.02911765699999,0.026848931367999998,-389.36403644212453
4960,52.02911765699999,0.027300173912,-396.23977110196967
4961,52.02911765699999,0.027751416456,-403.6993399458396
4962,52.02911765699999,0.028202658999999998,-411.7241030878452
4963,52.02911765699999,0.028653901544,-420.2960613991964
4964,52.02911765699999,0.029105144088,-429.39783035588516
4965,52.02911765699999,0.029556386631999998,-439.01261520221954
4966,52.02911765699999,0.030007629176,-449.1241872059749
4967,52.02911765699999,0.03045887172,-459.716861194768
4968,52.02911765699999,0.030910114263999998,-470.7754739867926
4969,52.02911765699999,0.031361356808,-482.28536396253503
4970,52.02911765699999,0.031812599351999996,-494.2323515381355
4971,52.02911765699999,0.032263841896,-506.6027205050489
4972,52.02911765699999,0.03271508444,-519.3832002692551
4973,52.02911765699999,0.033166326983999996,-532.5609489052842
4974,52.02911765699999,0.033617569528,-546.123536933902
4975,52.02911765699999,0.034068812072,-560.0589317831457
4976,52.02911765699999,0.034520054615999995,-574.3554830815002
4977,52.02911765699999,0.03497129716,-589.0019084545131
4978,52.02911765699999,0.035422539704,-603.9872799971724
4979,52.02911765699999,0.035873782247999995,-619.3010112846011
4980,52.02911765699999,0.036325024792,-634.9328450746029
4981,52.02911765699999,0.036776267336,-650.8728413818164
4982,52.02911765699999,0.037227509879999995,-667.1113660834901
4983,52.02911765699999,0.037678752424,-683.6390800943682
4984,52.02911765699999,0.038129994968,-700.4469289171893
4985,52.02911765699999,0.038581237511999995,-717.5261325778375
4986,52.02911765699999,0.039032480056,-734.8681761812661
4987,52.02911765699999,0.0394837226,-752.4648005227732
4988,52.02911765699999,0.039934965143999995,-770.3079934361499
4989,52.02911765699999,0.040386207688,-788.3899811654678
4990,52.02911765699999,0.040837450232,-806.7032203885972
4991,52.02911765699999,0.041288692775999995,-825.240390249947
4992,52.02911765699999,0.04173993532,-843.9943850315176
4993,52.02911765699999,0.042191177864,-862.9583067318146
4994,52.02911765699999,0.042642420407999995,-882.1254583440475
4995,52.02911765699999,0.043093662952,-901.4893370725954
4996,52.02911765699999,0.043544905496,-921.0436279646788
4997,52.02911765699999,0.043996148039999995,-940.7821977700078
4998,52.02911765699999,0.044447390584,-960.6990890112875
4999,52.02911765699999,0.044898633128,-980.7885141918889
5000,53.080210943,0.000225621272,-2434.8260149131656
5001,53.080210943,0.000676863816,-2313.8744220951417
5002,53.080210943,0.00112810636,-2199.2963356055366
5003,53.080210943,0.001579348904,-2090.290316851422
5004,53.080210943,0.002030591448,-1986.6250318467912
5005,53.080210943,0.0024818339919999996,-1888.068989662015
5006,53.080210943,0.0029330765359999998,-1794.3882633928424
5007,53.080210943,0.0033843190799999995,-1705.3546747776943
5008,53.080210943,0.0038355616239999996,-1620.7496480260788
5009,53.080210943,0.004286804168,-1540.365598643769
5010,53.080210943,0.004738046712,-1464.00618041156
5011,53.080210943,0.0051892892559999996,-1391.4860160786488
5012,53.080210943,0.0056405318,-1322.6302013583627
5013,53.080210943,0.006091774344,-1257.273719710517
5014,53.080210943,0.0065430168879999995,-1195.2608347425175
5015,53.080210943,0.006994259432,-1136.4444930259697
5016,53.080210943,0.007445501976,-1080.685753068749
5017,53.080210943,0.007896744519999999,-1027.8532474089857
5018,53.080210943,0.008347987064,-977.8226802057136
5019,53.080210943,0.008799229607999998,-930.476360275137
5020,53.080210943,0.009250472151999999,-885.7027682498647
5021,53.080210943,0.009701714695999999,-843.3961560005791
5022,53.080210943,0.010152957239999998,-803.4561760933134
5023,53.080210943,0.010604199783999999,-765.7875390979708
5024,53.080210943,0.011055442327999999,-730.2996965848581
5025,53.080210943,0.011506684871999998,-696.9065476868261
5026,53.080210943,0.011957927415999998,-665.5261673732173
5027,53.080210943,0.012409169959999999,-636.0805545812601
5028,53.080210943,0.012860412503999998,-608.4953985957452
5029,53.080210943,0.013311655047999998,-582.6998621553719
5030,53.080210943,0.013762897591999999,-558.6263799217819
5031,53.080210943,0.014214140135999998,-536.2104710372139
5032,53.080210943,0.014665382679999998,-515.3905646649496
5033,53.080210943,0.015116625223999999,-496.1078374083059
5034,53.080210943,0.015567867767999998,-478.3060617489574
5035,53.080210943,0.016019110312,-461.9314645371815
5036,53.080210943,0.016470352856,-446.9325948379117
5037,53.080210943,0.0169215954,-433.26020036903657
5038,53.080210943,0.017372837944,-420.86711186662825
5039,53.080210943,0.017824080488,-409.70813481454786
5040,53.080210943,0.018275323032,-399.73994795380537
5041,53.080210943,0.018726565576,-390.9210081099064
5042,53.080210943,0.01917780812,-383.2114608371763
5043,53.080210943,0.019629050664,-376.5730564805145
5044,53.080210943,0.020080293207999998,-370.9690712858775
5045,53.080210943,0.020531535752,-366.3642331691703
5046,53.080210943,0.020982778296,-362.7246518354472
5047,53.080210943,0.021434020839999998,-360.01775296250605
5048,53.080210943,0.021885263384,-358.21221614017315
5049,53.080210943,0.022336505928,-357.27791634039244
5050,53.080210943,0.022787748471999998,-357.1858686693141
5051,53.080210943,0.023238991016,-357.9081761866097
5052,53.080210943,0.02369023356,-359.41798059019845
5053,53.080210943,0.024141476103999998,-361.6894155844462
5054,53.080210943,0.024592718648,-364.69756276184825
5055,53.080210943,0.025043961192,-368.4184098266809
5056,53.080210943,0.025495203735999998,-372.82881103610106
5057,53.080210943,0.02594644628,-377.90644969927234
5058,53.080210943,0.026397688824,-383.62980261086994
5059,53.080210943,0.026848931367999998,-389.97810633097833
5060,53.080210943,0.027300173912,-396.9313251441698
5061,53.080210943,0.027751416456,-404.4701206546821
5062,53.080210943,0.028202658999999998,-412.57582289562123
5063,53.080210943,0.028653901544,-421.2304028457483
5064,53.080210943,0.029105144088,-430.4164462991056
5065,53.080210943,0.029556386631999998,-440.1171290322721
5066,53.080210943,0.030007629176,-450.31619308503434
5067,53.080210943,0.03045887172,-460.9979242973631
5068,53.080210943,0.030910114263999998,-472.1471307602967
5069,53.080210943,0.031361356808,-483.74912239378824
5070,53.080210943,0.031812599351999996,-495.7896914265515
5071,53.080210943,0.032263841896,-508.2550937480066
5072,53.080210943,0.03271508444,-521.132031156809
5073,53.080210943,0.033166326983999996,-534.4076344146574
5074,53.080210943,0.033617569528,-548.0694470325346
5075,53.080210943,0.034068812072,-562.1054097437752
5076,53.080210943,0.034520054615999995,-576.5038457879284
5077,53.080210943,0.03497129716,-591.2534467240653
5078,53.080210943,0.035422539704,-606.3432589006928
5079,53.080210943,0.035873782247999995,-621.7626704738832
5080,53.080210943,0.036325024792,-637.5013991057376
5081,53.080210943,0.036776267336,-653.5494800408899
5082,53.080210943,0.037227509879999995,-669.8972547250888
5083,53.080210943,0.037678752424,-686.5353599686006
5084,53.080210943,0.038129994968,-703.4547174989698
5085,53.080210943,0.038581237511999995,-720.6465239076047
5086,53.080210943,0.039032480056,-738.1022411885981
5087,53.080210943,0.0394837226,-755.8135873641716
5088,53.080210943,0.039934965143999995,-773.772527828319
5089,53.080210943,0.040386207688,-791.9712667162205
5090,53.080210943,0.040837450232,-810.4022389295052
5091,53.080210943,0.041288692775999995,-829.0581021607068
5092,53.080210943,0.04173993532,-847.9317295677263
5093,53.080210943,0.042191177864,-867.0162023620591
5094,53.080210943,0.042642420407999995,-886.3048030613083
5095,53.080210943,0.043093662952,-905.7910087317038
5096,53.080210943,0.043544905496,-925.4684845887443
5097,53.080210943,0.043996148039999995,-945.3310778773849
5098,53.080210943,0.044447390584,-965.3728119236157
5099,53.080210943,0.044898633128,-985.5878803592086
5100,54.131304228999994,0.000225621272,-2434.766083297787
5101,54.131304228999994,0.000676863816,-2313.7408828591615
5102,54.131304228999994,0.00112810636,-2199.124620277806
5103,54.131304228999994,0.001579348904,-2090.081632330762
5104,54.131304228999994,0.002030591448,-1986.3782072255626
5105,54.131304228999994,0.0024818339919999996,-1887.7833433231556
5106,54.131304228999994,0.0029330765359999998,-1794.0637628165803
5107,54.131304228999994,0.0033843190799999995,-1704.9918117032378
5108,54.131304228999994,0.0038355616239999996,-1620.3493160909195
5109,54.131304228999994,0.004286804168,-1539.929002133857
5110,54.131304228999994,0.004738046712,-1463.5347683965256
5111,54.131304228999994,0.0051892892559999996,-1390.981434151733
5112,54.131304228999994,0.0056405318,-1322.094255316704
5113,54.131304228999994,0.006091774344,-1256.7083474373012
5114,54.131304228999994,0.0065430168879999995,-1194.6680838631341
5115,54.131304228999994,0.006994259432,-1135.826502747022
5116,54.131304228999994,0.007445501976,-1080.044739125432
5117,54.131304228999994,0.007896744519999999,-1027.1914893898424
5118,54.131304228999994,0.008347987064,-977.1425107351979
5119,54.131304228999994,0.008799229607999998,-929.780155675297
5120,54.131304228999994,0.009250472151999999,-884.9929404151102
5121,54.131304228999994,0.009701714695999999,-842.6751452665494
5122,54.131304228999994,0.010152957239999998,-802.7264449441267
5123,54.131304228999994,0.010604199783999999,-765.0515665872488
5124,54.131304228999994,0.011055442327999999,-729.5599733641877
5125,54.131304228999994,0.011506684871999998,-696.1655715675604
5126,54.131304228999994,0.011957927415999998,-664.7864393466912
5127,54.131304228999994,0.012409169959999999,-635.3445752476223
5128,54.131304228999994,0.012860412503999998,-607.7656649513764
5129,54.131304228999994,0.013311655047999998,-581.9788647011275
5130,54.131304228999994,0.013762897591999999,-557.9166000549114
5131,54.131304228999994,0.014214140135999998,-535.5143787008417
5132,54.131304228999994,0.014665382679999998,-514.710616224947
5133,54.131304228999994,0.015116625223999999,-495.4464737455983
5134,54.131304228999994,0.015567867767999998,-477.66570652891977
5135,54.131304228999994,0.016019110312,-461.31452266110637
5136,54.131304228999994,0.016470352856,-446.34145104265343
5137,54.131304228999994,0.0169215954,-432.697217970055
5138,54.131304228999994,0.017372837944,-420.33463163259677
5139,54.131304228999994,0.017824080488,-409.2084739561974
5140,54.131304228999994,0.018275323032,-399.27539922560373
5141,54.131304228999994,0.018726565576,-390.49383900763706
5142,54.131304228999994,0.01917780812,-382.8239128880566
5143,54.131304228999994,0.019629050664,-376.22734461759086
5144,54.131304228999994,0.020080293207999998,-370.66738329845106
5145,54.131304228999994,0.020531535752,-366.10872922521384
5146,54.131304228999994,0.020982778296,-362.5174640695589
5147,54.131304228999994,0.021434020839999998,-359.8609851227266
5148,54.131304228999994,0.021885263384,-358.10794329218174
5149,54.131304228999994,0.022336505928,-357.22818462276246
5150,54.131304228999994,0.022787748471999998,-357.192695095753
5151,54.131304228999994,0.023238991016,-357.97354849209245
5152,54.131304228999994,0.02369023356,-359.5438571181765
5153,54.131304228999994,0.024141476103999998,-361.8777252111127
5154,54.131304228999994,0.024592718648,-364.9502048547286
5155,54.131304228999994,0.025043961192,-368.73725423656225
5156,54.131304228999994,0.025495203735999998,-373.2156981161315
5157,54.131304228999994,0.02594644628,-378.36319035345053
5158,54.131304228999994,0.026397688824,-384.1581783679363
5159,54.131304228999994,0.026848931367999998,-390.5798694392914
5160,54.131304228999994,0.027300173912,-397.6081986887238
5161,54.131304228999994,0.027751416456,-405.2237986987217
5162,54.131304228999994,0.028202658999999998,-413.4079706311443
5163,54.131304228999994,0.028653901544,-422.1426567692317
5164,54.131304228999994,0.029105144088,-431.41041439894497
5165,54.131304228999994,0.029556386631999998,-441.19439098982883
5166,54.131304228999994,0.030007629176,-451.47830049376523
5167,54.131304228999994,0.03045887172,-462.2464008822379
5168,54.131304228999994,0.030910114263999998,-473.4834726223008
5169,54.131304228999994,0.031361356808,-485.17479825577493
5170,54.131304228999994,0.031812599351999996,-497.3061428890357
5171,54.131304228999994,0.032263841896,-509.8637355546212
5172,54.131304228999994,0.03271508444,-522.8342514691587
5173,54.131304228999994,0.033166326983999996,-536.2047950841679
5174,54.131304228999994,0.033617569528,-549.9628838911938
5175,54.131304228999994,0.034068812072,-564.0964328956156
5176,54.131304228999994,0.034520054615999995,-578.5937398988731
5177,54.131304228999994,0.03497129716,-593.4434713228875
5178,54.131304228999994,0.035422539704,-608.634648678689
5179,54.131304228999994,0.035873782247999995,-624.1566355999935
5180,54.131304228999994,0.036325024792,-639.9991255217114
5181,54.131304228999994,0.036776267336,-656.1521297829756
5182,54.131304228999994,0.037227509879999995,-672.6059662279666
5183,54.131304228999994,0.037678752424,-689.3512483815878
5184,54.131304228999994,0.038129994968,-706.378875001099
5185,54.131304228999994,0.038581237511999995,-723.6800200279943
5186,54.131304228999994,0.039032480056,-741.246123109383
5187,54.131304228999994,0.0394837226,-759.0688802524812
5188,54.131304228999994,0.039934965143999995,-777.1402351329139
5189,54.131304228999994,0.040386207688,-795.4523704991983
5190,54.131304228999994,0.040837450232,-813.9977001701277
5191,54.131304228999994,0.041288692775999995,-832.768861077906
5192,54.131304228999994,0.04173993532,-851.7587059192742
5193,54.131304228999994,0.042191177864,-870.9602957694226
5194,54.131304228999994,0.042642420407999995,-890.3668933120623
5195,54.131304228999994,0.043093662952,-909.9719560891687
5196,54.131304228999994,0.043544905496,-929.7691300937266
5197,54.131304228999994,0.043996148039999995,-949.7522436517761
5198,54.131304228999994,0.044447390584,-969.915301484615
5199,54.131304228999994,0.044898633128,-990.2524789017307
5200,55.182397515,0.000225621272,-2434.707973584551
5201,55.182397515,0.000676863816,-2313.610026199387
5202,55.182397515,0.00112810636,-2198.9570385617953
5203,55.182397515,0.001579348904,-2089.878786636466
5204,55.182397515,0.002030591448,-1986.1389726609348
5205,55.182397515,0.0024818339919999996,-1887.5070192723306
5206,55.182397515,0.0029330765359999998,-1793.7502726021487
5207,55.182397515,0.0033843190799999995,-1704.6415905644758
5208,55.182397515,0.0038355616239999996,-1619.9631937066629
5209,55.182397515,0.004286804168,-1539.5081135815399
5210,55.182397515,0.004738046712,-1463.080489481862
5211,55.182397515,0.0051892892559999996,-1390.4953339154454
5212,55.182397515,0.0056405318,-1321.5780602726766
5213,55.182397515,0.006091774344,-1256.163913905578
5214,55.182397515,0.0065430168879999995,-1194.097376012027
5215,55.182397515,0.006994259432,-1135.2315747661987
5216,55.182397515,0.007445501976,-1079.4277204763607
5217,55.182397515,0.007896744519999999,-1026.5545724009876
5218,55.182397515,0.008347987064,-976.4879400269774
5219,55.182397515,0.008799229607999998,-929.1102190468558
5220,55.182397515,0.009250472151999999,-884.3099609195192
5221,55.182397515,0.009701714695999999,-841.9814742604461
5222,55.182397515,0.010152957239999998,-802.0244559631924
5223,55.182397515,0.010604199783999999,-764.3436499152033
5224,55.182397515,0.011055442327999999,-728.8485311971667
5225,55.182397515,0.011506684871999998,-695.4530136985954
5226,55.182397515,0.011957927415999998,-664.0751792962251
5227,55.182397515,0.012409169959999999,-634.6370267914854
5228,55.182397515,0.012860412503999998,-607.0642389978343
5229,55.182397515,0.013311655047999998,-581.2859664789635
5230,55.182397515,0.013762897591999999,-557.234626576027
5231,55.182397515,0.014214140135999998,-534.8457164768411
5232,55.182397515,0.014665382679999998,-514.057639198878
5233,55.182397515,0.015116625223999999,-494.8115414321391
5234,55.182397515,0.015567867767999998,-477.05116233280177
5235,55.182397515,0.016019110312,-460.72269236197195
5236,55.182397515,0.016470352856,-445.77464143356485
5237,55.182397515,0.0169215954,-432.1577156266432
5238,55.182397515,0.017372837944,-419.8247018116023
5239,55.182397515,0.017824080488,-408.7303596084042
5240,55.182397515,0.018275323032,-398.8313201121792
5241,55.182397515,0.018726565576,-390.0859909128031
5242,55.182397515,0.01917780812,-382.45446691869137
5243,55.182397515,0.019629050664,-375.8984465879312
5244,55.182397515,0.020080293207999998,-370.3811531847028
5245,55.182397515,0.020531535752,-365.86726069148824
5246,55.182397515,0.020982778296,-362.3228240567541
5247,55.182397515,0.021434020839999998,-359.71521349482447
5248,55.182397515,0.021885263384,-358.01305253753776
5249,55.182397515,0.022336505928,-357.1861596049505
5250,55.182397515,0.022787748471999998,-357.20549285002903
5251,55.182397515,0.023238991016,-358.0430980643838
5252,55.182397515,0.02369023356,-359.6720594436317
5253,55.182397515,0.024141476103999998,-362.0664530289641
5254,55.182397515,0.024592718648,-365.2013026560116
5255,55.182397515,0.025043961192,-369.05253824433254
5256,55.182397515,0.025495203735999998,-373.5969562930327
5257,55.182397515,0.02594644628,-378.81218243581225
5258,55.182397515,0.026397688824,-384.6766359255783
5259,55.182397515,0.026848931367999998,-391.16949595614057
5260,55.182397515,0.027300173912,-398.27066966789147
5261,55.182397515,0.027751416456,-405.9607617819807
5262,55.182397515,0.028202658999999998,-414.22104573990174
5263,55.182397515,0.028653901544,-423.0334362594953
5264,55.182397515,0.029105144088,-432.38046323588907
5265,55.182397515,0.029556386631999998,-442.2452469272942
5266,55.182397515,0.030007629176,-452.6114742788545
5267,55.182397515,0.03045887172,-463.46337645904504
5268,55.182397515,0.030910114263999998,-474.78570735675254
5269,55.182397515,0.031361356808,-486.56372316218744
5270,55.182397515,0.031812599351999996,-498.7831628702393
5271,55.182397515,0.032263841896,-511.4302296502618
5272,55.182397515,0.03271508444,-524.4915731083324
5273,55.182397515,0.033166326983999996,-537.9542723513204
5274,55.182397515,0.033617569528,-551.8058197817971
5275,55.182397515,0.034068812072,-566.0341055997774
5276,55.182397515,0.034520054615999995,-580.6274030775465
5277,55.182397515,0.03497129716,-595.5743543774133
5278,55.182397515,0.035422539704,-610.8639570469192
5279,55.182397515,0.035873782247999995,-626.4855510461911
5280,55.182397515,0.036325024792,-642.4288064225119
5281,55.182397515,0.036776267336,-658.6837114121133
5282,55.182397515,0.037227509879999995,-675.240561068689
5283,55.182397515,0.037678752424,-692.0899464118678
5284,55.182397515,0.038129994968,-709.2227439921664
5285,55.182397515,0.038581237511999995,-726.6301058488707
5286,55.182397515,0.039032480056,-744.3034500205408
5287,55.182397515,0.0394837226,-762.2344512036635
5288,55.182397515,0.039934965143999995,-780.4150320678825
5289,55.182397515,0.040386207688,-798.8373546604641
5290,55.182397515,0.040837450232,-817.4938123789441
5291,55.182397515,0.041288692775999995,-836.3770220559161
5292,55.182397515,0.04173993532,-855.4798165566901
5293,55.182397515,0.042191177864,-874.7952374570184
5294,55.182397515,0.042642420407999995,-894.3165282090001
5295,55.182397515,0.043093662952,-914.0371274180442
5296,55.182397515,0.043544905496,-933.9506624522776
5297,55.182397515,0.043996148039999995,-954.0509432850731
5298,55.182397515,0.044447390584,-974.3319565613743
5299,55.182397515,0.044898633128,-994.7878598401994
5300,56.233490800999995,0.000225621272,-2434.6516191840815
5301,56.233490800999995,0.000676863816,-2313.481719088296
5302,56.233490800999995,0.00112810636,-2198.7933532471375
5303,56.233490800999995,0.001579348904,-2089.6814388624816
5304,56.233490800999995,0.002030591448,-1985.9068869078842
5305,56.233490800999995,0.0024818339919999996,-1887.239479340721
5306,56.233490800999995,0.0029330765359999998,-1793.4471610814517
5307,56.233490800999995,0.0033843190799999995,-1704.3032897190492
5308,56.233490800999995,0.0038355616239999996,-1619.5904729292288
5309,56.233490800999995,0.004286804168,-1539.1020425743186
5310,56.233490800999995,0.004738046712,-1462.6423747772415
5311,56.233490800999995,0.0051892892559999996,-1390.026672128683
5312,56.233490800999995,0.0056405318,-1321.0805028867444
5313,56.233490800999995,0.006091774344,-1255.639240034347
5314,56.233490800999995,0.0065430168879999995,-1193.5474708063682
5315,56.233490800999995,0.006994259432,-1134.6584119084023
5316,56.233490800999995,0.007445501976,-1078.8333477134754
5317,56.233490800999995,0.007896744519999999,-1025.9410993944452
5318,56.233490800999995,0.008347987064,-975.8575280113255
5319,56.233490800999995,0.008799229607999998,-928.4650719241326
5320,56.233490800999995,0.009250472151999999,-883.6523175252036
5321,56.233490800999995,0.009701714695999999,-841.3136015857424
5322,56.233490800999995,0.010152957239999998,-801.3486431855308
5323,56.233490800999995,0.010604199783999999,-763.6622031115671
5324,56.233490800999995,0.011055442327999999,-728.1637686334338
5325,56.233490800999995,0.011506684871999998,-694.7672616306804
5326,56.233490800999995,0.011957927415999998,-663.3907682076883
5327,56.233490800999995,0.012409169959999999,-633.9562880140277
5328,56.233490800999995,0.012860412503999998,-606.3895016733387
5329,56.233490800999995,0.013311655047999998,-580.6195548233843
5330,56.233490800999995,0.013762897591999999,-556.5788574124739
5331,56.233490800999995,0.014214140135999998,-534.2028970097933
5332,56.233490800999995,0.014665382679999998,-513.4300650029454
5333,56.233490800999995,0.015116625223999999,-494.20149463931244
5334,56.233490800999995,0.015567867767999998,-476.4609099932275
5335,56.233490800999995,0.016019110312,-460.15448496770955
5336,56.233490800999995,0.016470352856,-445.2307115861201
5337,56.233490800999995,0.0169215954,-431.6402768379485
5338,56.233490800999995,0.017372837944,-419.3359474249317
5339,56.233490800999995,0.017824080488,-408.27246183067587
5340,56.233490800999995,0.018275323032,-398.4064291506962
5341,56.233490800999995,0.018726565576,-389.69623419806413
5342,56.233490800999995,0.01917780812,-382.10194841741867
5343,56.233490800999995,0.019629050664,-375.5852461954203
5344,56.233490800999995,0.020080293207999998,-370.10932618577635
5345,56.233490800999995,0.020531535752,-365.638837288605
5346,56.233490800999995,0.020982778296,-362.1398089626
5347,56.233490800999995,0.021434020839999998,-359.5795855773453
5348,56.233490800999995,0.021885263384,-357.9267645193052
5349,56.233490800999995,0.022336505928,-357.1511378111394
5350,56.233490800999995,0.022787748471999998,-357.2236369993862
5351,56.233490800999995,0.023238991016,-358.11628110230123
5352,56.233490800999995,0.02369023356,-359.80212741306576
5353,56.233490800999995,0.024141476103999998,-362.2552249766663
5354,56.233490800999995,0.024592718648,-365.4505705714384
5355,56.233490800999995,0.025043961192,-369.3640670282969
5356,56.233490800999995,0.025495203735999998,-373.97248375443127
5357,56.233490800999995,0.02594644628,-379.2534193137189
5358,56.233490800999995,0.026397688824,-385.18526593799436
5359,56.233490800999995,0.026848931367999998,-391.74717586450635
5360,56.233490800999995,0.027300173912,-398.91902936997957
5361,56.233490800999995,0.027751416456,-406.68140441816337
5362,56.233490800999995,0.028202658999999998,-415.01554781482463
5363,56.233490800999995,0.028653901544,-423.90334778935045
5364,56.233490800999995,0.029105144088,-433.3273078994143
5365,56.233490800999995,0.029556386631999998,-443.27052223685814
5366,56.233490800999995,0.030007629176,-453.7166517658142
5367,56.233490800999995,0.03045887172,-464.64990186003877
5368,56.233490800999995,0.030910114263999998,-476.05500082297846
5369,56.233490800999995,0.031361356808,-487.917179473474
5370,56.233490800999995,0.031812599351999996,-500.22215165085134
5371,56.233490800999995,0.032263841896,-512.9560956077428
5372,56.233490800999995,0.03271508444,-526.1056362719057
5373,56.233490800999995,0.033166326983999996,-539.6578283049112
5374,56.233490800999995,0.033617569528,-553.6001399221338
5375,56.233490800999995,0.034068812072,-567.9204373979549
5376,56.233490800999995,0.034520054615999995,-582.6069703274402
5377,56.233490800999995,0.03497129716,-597.6483574664112
5378,56.233490800999995,0.035422539704,-613.0335732226356
5379,56.233490800999995,0.035873782247999995,-628.751934693978
5380,56.233490800999995,0.036325024792,-644.7930893345842
5381,56.233490800999995,0.036776267336,-661.1470030586836
5382,56.233490800999995,0.037227509879999995,-677.8039488886881
5383,56.233490800999995,0.037678752424,-694.7544960904434
5384,56.233490800999995,0.038129994968,-711.9894997376938
5385,56.233490800999995,0.038581237511999995,-729.5000906877881
5386,56.233490800999995,0.039032480056,-747.2776660569243
5387,56.233490800999995,0.0394837226,-765.3138799385997
5388,56.233490800999995,0.039934965143999995,-783.6006346489089
5389,56.233490800999995,0.040386207688,-802.130072193489
5390,56.233490800999995,0.040837450232,-820.8945661893972
5391,56.233490800999995,0.041288692775999995,-839.8867139976613
5392,56.233490800999995,0.04173993532,-859.0993292671823
5393,56.233490800999995,0.042191177864,-878.5254346649051
5394,56.233490800999995,0.042642420407999995,-898.1582550021272
5395,56.233490800999995,0.043093662952,-917.9912105244206
5396,56.233490800999995,0.043544905496,-938.0179105150568
5397,56.233490800999995,0.043996148039999995,-958.2321471478074
5398,56.233490800999995,0.044447390584,-978.6278895321643
5399,56.233490800999995,0.044898633128,-999.199277977252
5400,57.284584087,0.000225621272,-2434.5969570539432
5401,57.284584087,0.000676863816,-2313.355838859509
5402,57.284584087,0.00112810636,-2198.6333452718586
5403,57.284584087,0.001579348904,-2089.4892736911365
5404,57.284584087,0.002030591448,-1985.6815415068909
5405,57.284584087,0.0024818339919999996,-1886.9802251238393
5406,57.284584087,0.0029330765359999998,-1793.153843104234
5407,57.284584087,0.0033843190799999995,-1703.9762405569788
5408,57.284584087,0.0038355616239999996,-1619.2304051067795
5409,57.284584087,0.004286804168,-1538.7099639837943
5410,57.284584087,0.004738046712,-1462.2195263827048
5411,57.284584087,0.0051892892559999996,-1389.5744819594477
5412,57.284584087,0.0056405318,-1320.6005513456037
5413,57.284584087,0.006091774344,-1255.1332330769567
5414,57.284584087,0.0065430168879999995,-1193.0172186949374
5415,57.284584087,0.006994259432,-1134.1058120090502
5416,57.284584087,0.007445501976,-1078.2603702983463
5417,57.284584087,0.007896744519999999,-1025.3497757337134
5418,57.284584087,0.008347987064,-975.2499402501849
5419,57.284584087,0.008799229607999998,-927.8433443740807
5420,57.284584087,0.009250472151999999,-883.0186091105182
5421,57.284584087,0.009701714695999999,-840.6700992274511
5422,57.284584087,0.010152957239999998,-800.6975559826103
5423,57.284584087,0.010604199783999999,-763.005757184245
5424,57.284584087,0.011055442327999999,-727.5042025371763
5425,57.284584087,0.011506684871999998,-694.1068222672383
5426,57.284584087,0.011957927415999998,-662.7317071592279
5427,57.284584087,0.012409169959999999,-633.3008582557352
5428,57.284584087,0.012860412503999998,-605.739954616038
5429,57.284584087,0.013311655047999998,-579.9781376498709
5430,57.284584087,0.013762897591999999,-555.9478106742927
5431,57.284584087,0.014214140135999998,-533.5844524611048
5432,57.284584087,0.014665382679999998,-512.8264436410611
5433,57.284584087,0.015116625223999999,-493.61490493882155
5434,57.284584087,0.015567867767999998,-475.8935463043687
5435,57.284584087,0.016019110312,-459.6085260804477
5436,57.284584087,0.016470352856,-444.7083194268576
5437,57.284584087,0.0169215954,-431.14359529565803
5438,57.284584087,0.017372837944,-418.8671012999632
5439,57.284584087,0.017824080488,-407.83355588475916
5440,57.284584087,0.018275323032,-397.99954725908043
5441,57.284584087,0.018726565576,-389.3234385880115
5442,57.284584087,0.01917780812,-381.76527899193235
5443,57.284584087,0.019629050664,-375.286719934044
5444,57.284584087,0.020080293207999998,-369.8509366111032
5445,57.284584087,0.020531535752,-365.42255400034685
5446,57.284584087,0.020982778296,-361.9675772304593
5447,57.284584087,0.021434020839999998,-359.45332598694307
5448,57.284584087,0.021885263384,-357.84837267151823
5449,57.284584087,0.022336505928,-357.1224840656449
5450,57.284584087,0.022787748471999998,-357.24656626268614
5451,57.284584087,0.023238991016,-358.1926126548821
5452,57.284584087,0.02369023356,-359.93365477397884
5453,57.284584087,0.024141476103999998,-362.4437158028732
5454,57.284584087,0.024592718648,-365.69776658629354
5455,57.284584087,0.025043961192,-369.67168398376907
5456,57.284584087,0.025495203735999998,-374.3422114151835
5457,57.284584087,0.02594644628,-379.686921468891
5458,57.284584087,0.026397688824,-385.6841804383341
5459,57.284584087,0.026848931367999998,-392.3131146764611
5460,57.284584087,0.027300173912,-399.5535786531952
5461,57.284584087,0.027751416456,-407.3861246195099
5462,57.284584087,0.028202658999999998,-415.79197378142413
5463,57.284584087,0.028653901544,-424.7529888901515
5464,57.284584087,0.029105144088,-434.25164817745286
5465,57.284584087,0.029556386631999998,-444.27102054949086
5466,57.284584087,0.030007629176,-454.794741972419
5467,57.284584087,0.03045887172,-465.80699297546744
5468,57.284584087,0.030910114263999998,-477.2924772281543
5469,57.284584087,0.031361356808,-489.23640110433377
5470,57.284584087,0.031812599351999996,-501.6244542023555
5471,57.284584087,0.032263841896,-514.4427907542699
5472,57.284584087,0.03271508444,-527.678011891544
5473,57.284584087,0.033166326983999996,-541.3171487038933
5474,57.284584087,0.033617569528,-555.3476460624411
5475,57.284584087,0.034068812072,-569.7573471559922
5476,57.284584087,0.034520054615999995,-584.5344787260617
5477,57.284584087,0.03497129716,-599.6676369227082
5478,57.284584087,0.035422539704,-615.1457737996385
5479,57.284584087,0.035873782247999995,-630.9581843791103
5480,57.284584087,0.036325024792,-647.0944942693523
5481,57.284584087,0.036776267336,-663.5446478140288
5482,57.284584087,0.037227509879999995,-680.298896730855
5483,57.284584087,0.037678752424,-697.3477892456665
5484,57.284584087,0.038129994968,-714.6821596494578
5485,57.284584087,0.038581237511999995,-732.2931183144242
5486,57.284584087,0.039032480056,-750.1720420939625
5487,57.284584087,0.0394837226,-768.3105651377255
5488,57.284584087,0.039934965143999995,-786.7005700483539
5489,57.284584087,0.040386207688,-805.3341794230414
5490,57.284584087,0.040837450232,-824.2037477080387
5491,57.284584087,0.041288692775999995,-843.3018533904135
5492,57.284584087,0.04173993532,-862.6212914939513
5493,57.284584087,0.042191177864,-882.1550663518644
5494,57.284584087,0.042642420407999995,-901.8963846873496
5495,57.284584087,0.043093662952,-921.8386489390973
5496,57.284584087,0.043544905496,-941.975450849897
5497,57.284584087,0.043996148039999995,-962.3005653026435
5498,57.284584087,0.044447390584,-982.8079443796853
5499,57.284584087,0.044898633128,-1003.4917116566033
5500,58.335677372999996,0.000225621272,-2434.5439274188398
5501,58.335677372999996,0.000676863816,-2313.2322722333565
5502,58.335677372999996,0.00112810636,-2198.476812064887
5503,58.335677372999996,0.001579348904,-2089.301999079567
5504,58.335677372999996,0.002030591448,-1985.4625578293526
5505,58.335677372999996,0.0024818339919999996,-1886.7287944037803
5506,58.335677372999996,0.0029330765359999998,-1792.8697758569901
5507,58.335677372999996,0.0033843190799999995,-1703.6598227358659
5508,58.335677372999996,0.0038355616239999996,-1618.8822955545925
5509,58.335677372999996,0.004286804168,-1538.331112102088
5510,58.335677372999996,0.004738046712,-1461.8111110185775
5511,58.335677372999996,0.0051892892559999996,-1389.1378661259369
5512,58.335677372999996,0.0056405318,-1320.1372480425455
5513,58.335677372999996,0.006091774344,-1254.6448788690445
5514,58.335677372999996,0.0065430168879999995,-1192.5055527992836
5515,58.335677372999996,0.006994259432,-1133.5726593782845
5516,58.335677372999996,0.007445501976,-1077.7076276791472
5517,58.335677372999996,0.007896744519999999,-1024.7793999874284
5518,58.335677372999996,0.008347987064,-974.6639384342982
5519,58.335677372999996,0.008799229607999998,-927.243765225011
5520,58.335677372999996,0.009250472151999999,-882.4075356552034
5521,58.335677372999996,0.009701714695999999,-840.0496423261341
5522,58.335677372999996,0.010152957239999998,-800.0698486441838
5523,58.335677372999996,0.010604199783999999,-762.3729495415646
5524,58.335677372999996,0.011055442327999999,-726.8684573748106
5525,58.335677372999996,0.011506684871999998,-693.4703110364974
5526,58.335677372999996,0.011957927415999998,-662.096606406353
5527,58.335677372999996,0.012409169959999999,-632.6693464193106
5528,58.335677372999996,0.012860412503999998,-605.1142091476875
5529,58.335677372999996,0.013311655047999998,-579.360332418353
5530,58.335677372999996,0.013762897591999999,-555.34011362622
5531,58.335677372999996,0.014214140135999998,-532.9890235090947
5532,58.335677372999996,0.014665382679999998,-512.245432753751
5533,58.335677372999996,0.015116625223999999,-493.05045041875326
5534,58.335677372999996,0.015567867767999998,-475.3477732292374
5535,58.335677372999996,0.016019110312,-459.083544895744
5536,58.335677372999996,0.016470352856,-444.20622467692647
5537,58.335677372999996,0.0169215954,-430.66646447675635
5538,58.335677372999996,0.017372837944,-418.4169938293577
5539,58.335677372999996,0.017824080488,-407.4125121717315
5540,58.335677372999996,0.018275323032,-397.6095878716439
5541,58.335677372999996,0.018726565576,-388.9665635083927
5542,58.335677372999996,0.01917780812,-381.4434669493597
5543,58.335677372999996,0.019629050664,-375.0019278126569
5544,58.335677372999996,0.020080293207999998,-369.6050989257728
5545,58.335677372999996,0.020531535752,-365.2175824336376
5546,58.335677372999996,0.020982778296,-361.80536022854545
5547,58.335677372999996,0.021434020839999998,-359.3357284071203
5548,58.335677372999996,0.021885263384,-357.7772354796504
5549,58.335677372999996,0.022336505928,-357.09962407868557
5550,58.335677372999996,0.022787748471999998,-357.27377593270324
5551,58.335677372999996,0.023238991016,-358.27165989215933
5552,58.335677372999996,0.02369023356,-360.0662828058556
5553,58.335677372999996,0.024141476103999998,-362.63164306557724
5554,58.335677372999996,0.024592718648,-365.9426866476973
5555,58.335677372999996,0.025043961192,-369.97526549403267
5556,58.335677372999996,0.025495203735999998,-374.7060980849363
5557,58.335677372999996,0.02594644628,-380.1127320710079
5558,58.335677372999996,0.026397688824,-386.1735088316324
5559,58.335677372999996,0.026848931367999998,-392.8675298500291
5560,58.335677372999996,0.027300173912,-400.17462479371176
5561,58.335677372999996,0.027751416456,-408.07532119283223
5562,58.335677372999996,0.028202658999999998,-416.5508156289712
5563,58.335677372999996,0.028653901544,-425.58294634836335
5564,58.335677372999996,0.029105144088,-435.15416720139086
5565,58.335677372999996,0.029556386631999998,-445.24752285809416
5566,58.335677372999996,0.030007629176,-455.84662519850934
5567,58.335677372999996,0.03045887172,-466.93563083535474
5568,58.335677372999996,0.030910114263999998,-478.4992196906095
5569,58.335677372999996,0.031361356808,-490.52257458090276
5570,58.335677372999996,0.031812599351999996,-502.99136173461017
5571,58.335677372999996,0.032263841896,-515.8917122163805
5572,58.335677372999996,0.03271508444,-529.2102042022848
5573,58.335677372999996,0.033166326983999996,-542.9338460336924
5574,58.335677372999996,0.033617569528,-557.05006005871
5575,58.335677372999996,0.034068812072,-571.5466671673378
5576,58.335677372999996,0.034520054615999995,-586.4118720311847
5577,58.335677372999996,0.03497129716,-601.6342489682709
5578,58.335677372999996,0.035422539704,-617.20272843882
5579,58.335677372999996,0.035873782247999995,-633.1065841070244
5580,58.335677372999996,0.036325024792,-649.3354204764951
5581,58.335677372999996,0.036776267336,-665.879161026772
5582,58.335677372999996,0.037227509879999995,-682.7280368720819
5583,58.335677372999996,0.037678752424,-699.8725758730875
5584,58.335677372999996,0.038129994968,-717.303592219561
5585,58.335677372999996,0.038581237511999995,-735.0121764276231
5586,58.335677372999996,0.039032480056,-752.9896857631029
5587,58.335677372999996,0.0394837226,-771.2277350318548
5588,58.335677372999996,0.039934965143999995,-789.7181877580613
5589,58.335677372999996,0.040386207688,-808.4531477163124
5590,58.335677372999996,0.040837450232,-827.4249507836721
5591,58.335677372999996,0.041288692775999995,-846.6261571407241
5592,58.335677372999996,0.04173993532,-866.0495437542907
5593,58.335677372999996,0.042191177864,-885.6880971656778
5594,58.335677372999996,0.042642420407999995,-905.5350065539991
5595,58.335677372999996,0.043093662952,-925.583657072985
5596,58.335677372999996,0.043544905496,-945.8276234347884
5597,58.335677372999996,0.043996148039999995,-966.2606637440474
5598,58.335677372999996,0.044447390584,-986.8767135516973
5599,58.335677372999996,0.044898633128,-1007.6698801525574
5600,59.38677065899999,0.000225621272,-2434.4924735187496
5601,59.38677065899999,0.000676863816,-2313.1109144470724
5602,59.38677065899999,0.00112810636,-2198.323566063934
5603,59.38677065899999,0.001579348904,-2089.119344186813
5604,59.38677065899999,0.002030591448,-1985.2495844329035
5605,59.38677065899999,0.0024818339919999996,-1886.4847579459033
5606,59.38677065899999,0.0029330765359999998,-1792.5944551190535
5607,59.38677065899999,0.0033843190799999995,-1703.3534599169511
5608,59.38677065899999,0.0038355616239999996,-1618.5454987895087
5609,59.38677065899999,0.004286804168,-1537.9647753968613
5610,59.38677065899999,0.004738046712,-1461.4163543196203
5611,59.38677065899999,0.0051892892559999996,-1388.7159907571968
5612,59.38677065899999,0.0056405318,-1319.6897030278526
5613,59.38677065899999,0.006091774344,-1254.1732348944342
5614,59.38677065899999,0.0065430168879999995,-1192.011481617109
5615,59.38677065899999,0.006994259432,-1133.057917166732
5616,59.38677065899999,0.007445501976,-1077.1740413408097
5617,59.38677065899999,0.007896744519999999,-1024.2288556889177
5618,59.38677065899999,0.008347987064,-974.0983718821569
5619,59.38677065899999,0.008799229607999998,-926.665153325556
5620,59.38677065899999,0.009250472151999999,-881.8178892869655
5621,59.38677065899999,0.009701714695999999,-839.4510000283253
5622,59.38677065899999,0.010152957239999998,-799.4642710663813
5623,59.38677065899999,0.010604199783999999,-761.7625145364016
5624,59.38677065899999,0.011055442327999999,-726.2552556386121
5625,59.38677065899999,0.011506684871999998,-692.8564422189584
5626,59.38677065899999,0.011957927415999998,-661.4841756322
5627,59.38677065899999,0.012409169959999999,-632.0604611652122
5628,59.38677065899999,0.012860412503999998,-604.5109764355585
5629,59.38677065899999,0.013311655047999998,-578.7648562861998
5630,59.38677065899999,0.013762897591999999,-554.7544928481634
5631,59.38677065899999,0.014214140135999998,-532.4153495354128
5632,59.38677065899999,0.014665382679999998,-511.6857878502068
5633,59.38677065899999,0.015116625223999999,-492.5069059852428
5634,59.38677065899999,0.015567867767999998,-474.8223882802801
5635,59.38677065899999,0.016019110312,-458.57836468517615
5636,59.38677065899999,0.016470352856,-443.7232794582556
5637,59.38677065899999,0.0169215954,-430.2077683828017
5638,59.38677065899999,0.017372837944,-417.98454386067095
5639,59.38677065899999,0.017824080488,-407.0082872900834
5640,59.38677065899999,0.018275323032,-397.2355481820387
5641,59.38677065899999,0.018726565576,-388.6246495255575
5642,59.38677065899999,0.01917780812,-381.1355989445031
5643,59.38677065899999,0.019629050664,-374.7300052289498
5644,59.38677065899999,0.020080293207999998,-369.370999860487
5645,59.38677065899999,0.020531535752,-365.02316318080733
5646,59.38677065899999,0.020982778296,-361.65245487644654
5647,59.38677065899999,0.021434020839999998,-359.22614848875065
5648,59.38677065899999,0.021885263384,-357.7127696692956
5649,59.38677065899999,0.022336505928,-357.0820379329635
5650,59.38677065899999,0.022787748471999998,-357.3048116720856
5651,59.38677065899999,0.023238991016,-358.35303622001743
5652,59.38677065899999,0.02369023356,-360.199694762499
5653,59.38677065899999,0.024141476103999998,-362.8187619143613
5654,59.38677065899999,0.024592718648,-366.1851597907681
5655,59.38677065899999,0.025043961192,-370.27471641588096
5656,59.38677065899999,0.025495203735999998,-375.0641263215337
5657,59.38677065899999,0.02594644628,-380.53091320201895
5658,59.38677065899999,0.026397688824,-386.65339449618386
5659,59.38677065899999,0.026848931367999998,-393.4106477825633
5660,59.38677065899999,0.027300173912,-400.7824788756878
5661,59.38677065899999,0.027751416456,-408.7493915251278
5662,59.38677065899999,0.028202658999999998,-417.2925586210656
5663,59.38677065899999,0.028653901544,-426.3937948184309
5664,59.38677065899999,0.029105144088,-436.03553049523373
5665,59.38677065899999,0.029556386631999998,-446.2007869761454
5666,59.38677065899999,0.030007629176,-456.8731529370979
5667,59.38677065899999,0.03045887172,-468.03676194022506
5668,59.38677065899999,0.030910114263999998,-479.6762710185109
5669,59.38677065899999,0.031361356808,-491.77684026720937
5670,59.38677065899999,0.031812599351999996,-504.32411337694475
5671,59.38677065899999,0.032263841896,-517.3041990617635
5672,59.38677065899999,0.03271508444,-530.7036533366147
5673,59.38677065899999,0.033166326983999996,-544.5094625891966
5674,59.38677065899999,0.033617569528,-558.7090274135237
5675,59.38677065899999,0.034068812072,-573.2901471642226
5676,59.38677065899999,0.034520054615999995,-588.2410051903771
5677,59.38677065899999,0.03497129716,-603.5501547111508
5678,59.38677065899999,0.035422539704,-619.2065053074003
5679,59.38677065899999,0.035873782247999995,-635.1993100009681
5680,59.38677065899999,0.036325024792,-651.5181528788671
5681,59.38677065899999,0.036776267336,-668.15293723954
5682,59.38677065899999,0.037227509879999995,-685.0938742520914
5683,59.38677065899999,0.037678752424,-702.3314720739972
5684,59.38677065899999,0.038129994968,-719.8565254267817
5685,59.38677065899999,0.038581237511999995,-737.6601056078406
5686,59.38677065899999,0.039032480056,-755.7335508976471
5687,59.38677065899999,0.0394837226,-774.0684573678723
5688,59.38677065899999,0.039934965143999995,-792.6566700525436
5689,59.38677065899999,0.040386207688,-811.4902744740207
5690,59.38677065899999,0.040837450232,-830.5615885103082
5691,59.38677065899999,0.041288692775999995,-849.863154582853
5692,59.38677065899999,0.04173993532,-869.387732149632
5693,59.38677065899999,0.042191177864,-889.1282904789662
5694,59.38677065899999,0.042642420407999995,-909.0780017305776
5695,59.38677065899999,0.043093662952,-929.2302342744711
5696,59.38677065899999,0.043544905496,-949.5785462855492
5697,59.38677065899999,0.043996148039999995,-970.1166795685716
5698,59.38677065899999,0.044447390584,-990.838553618531
5699,59.38677065899999,0.044898633128,-1011.7382599149489
5700,60.437863945,0.000225621272,-2434.44254138461
5701,60.437863945,0.000676863816,-2312.9916684777504
5702,60.437863945,0.00112810636,-2198.1734333901313
5703,60.437863945,0.001579348904,-2088.9410575226825
5704,60.437863945,0.002030591448,-1985.0422946947015
5705,60.437863945,0.0024818339919999996,-1886.2477166353344
5706,60.437863945,0.0029330765359999998,-1792.3274119143337
5707,60.437863945,0.0033843190799999995,-1703.0566159490108
5708,60.437863945,0.0038355616239999996,-1618.2194142649596
5709,60.437863945,0.004286804168,-1537.6102918171975
5710,60.437863945,0.004738046712,-1461.0345357313636
5711,60.437863945,0.0051892892559999996,-1388.3080799014965
5712,60.437863945,0.0056405318,-1319.257088148791
5713,60.437863945,0.006091774344,-1253.7174240754966
5714,60.437863945,0.0065430168879999995,-1191.5340824891316
5715,60.437863945,0.006994259432,-1132.5606205289316
5716,60.437863945,0.007445501976,-1076.6586076910357
5717,60.437863945,0.007896744519999999,-1023.6971039668092
5718,60.437863945,0.008347987064,-973.5521699331755
5719,60.437863945,0.008799229607999998,-926.1064097255413
5720,60.437863945,0.009250472151999999,-881.2485462694893
5721,60.437863945,0.009701714695999999,-838.8730273093113
5722,60.437863945,0.010152957239999998,-798.8796604229128
5723,60.437863945,0.010604199783999999,-761.1732750099638
5724,60.437863945,0.011055442327999999,-725.6634092810898
5725,60.437863945,0.011506684871999998,-692.2640202967859
5726,60.437863945,0.011957927415999998,-660.8932152318237
5727,60.437863945,0.012409169959999999,-631.4730021490216
5728,60.437863945,0.012860412503999998,-603.9290587029866
5729,60.437863945,0.013311655047999998,-578.1905173079298
5730,60.437863945,0.013762897591999999,-554.1897654441048
5731,60.437863945,0.014214140135999998,-531.862259863248
5732,60.437863945,0.014665382679999998,-511.14635359220614
5733,60.437863945,0.015116625223999999,-491.98313470694296
5734,60.437863945,0.015567867767999998,-474.31627594571694
5735,60.437863945,0.016019110312,-458.09189431517296
5736,60.437863945,0.016470352856,-443.25841991859767
5737,60.437863945,0.0169215954,-429.7664732876322
5738,60.437863945,0.017372837944,-417.56875058555846
5739,60.437863945,0.017824080488,-406.6199160798509
5740,60.437863945,0.018275323032,-396.8765013503849
5741,60.437863945,0.018726565576,-388.29681073629484
5742,60.437863945,0.01917780812,-380.84083256601997
5743,60.437863945,0.019629050664,-374.47015576085425
5744,60.437863945,0.020080293207999998,-369.14789142192024
5745,60.437863945,0.020531535752,-364.8385990581098
5746,60.437863945,0.020982778296,-361.5082171242854
5747,60.437863945,0.021434020839999998,-359.12399758162604
5748,60.437863945,0.021885263384,-357.6544441989941
5749,60.437863945,0.022336505928,-357.06925434847
5750,60.437863945,0.022787748471999998,-357.33926405923535
5751,60.437863945,0.023238991016,-358.4363961173731
5752,60.437863945,0.02369023356,-360.3336110105627
5753,60.437863945,0.024141476103999998,-363.00486053695624
5754,60.437863945,0.024592718648,-366.4250439047676
5755,60.437863945,0.025043961192,-370.5699661676194
5756,60.437863945,0.025495203735999998,-375.416298849208
5757,60.437863945,0.02594644628,-380.94154261923734
5758,60.437863945,0.026397688824,-387.1239918995753
5759,60.437863945,0.026848931367999998,-393.9427012759864
5760,60.437863945,0.027300173912,-401.3774536144836
5761,60.437863945,0.027751416456,-409.4087297800728
5762,60.437863945,0.028202658999999998,-418.0176798524847
5763,60.437863945,0.028653901544,-427.1860957694639
5764,60.437863945,0.029105144088,-436.8963852961524
5765,60.437863945,0.029556386631999998,-447.1315472623315
5766,60.437863945,0.030007629176,-457.8751479793166
5767,60.437863945,0.03045887172,-469.11129878364835
5768,60.437863945,0.030910114263999998,-480.82463462957134
5769,60.437863945,0.031361356808,-493.0002936985811
5770,60.437863945,0.031812599351999996,-505.6238979297547
5771,60.437863945,0.032263841896,-518.6815344616816
5772,60.437863945,0.03271508444,-532.1597379157172
5773,60.437863945,0.033166326983999996,-546.0454734735208
5774,60.437863945,0.033617569528,-560.326120719813
5775,60.437863945,0.034068812072,-574.9894581952083
5776,60.437863945,0.034520054615999995,-590.0236486393952
5777,60.437863945,0.03497129716,-605.4172248724822
5778,60.437863945,0.035422539704,-621.1590762912812
5779,60.437863945,0.035873782247999995,-637.2384359425306
5780,60.437863945,0.036325024792,-653.6448681597192
5781,60.437863945,0.036776267336,-670.3682567175433
5782,60.437863945,0.037227509879999995,-687.3987934698305
5783,60.437863945,0.037678752424,-704.7269674971913
5784,60.437863945,0.038129994968,-722.343554671409
5785,60.437863945,0.038581237511999995,-740.2396076632347
5786,60.437863945,0.039032480056,-758.4064463661715
5787,60.437863945,0.0394837226,-776.835648686327
5788,60.437863945,0.039934965143999995,-795.5190417350586
5789,60.437863945,0.040386207688,-814.4486933362707
5790,60.437863945,0.040837450232,-833.6169039109107
5791,60.437863945,0.041288692775999995,-853.0161986503617
5792,60.437863945,0.04173993532,-872.6393200188345
5793,60.437863945,0.042191177864,-892.4792205212837
5794,60.437863945,0.042642420407999995,-912.5290557960507
5795,60.437863945,0.043093662952,-932.7821779146668
5796,60.437863945,0.043544905496,-953.2321289850123
5797,60.437863945,0.043996148039999995,-973.8726349802978
5798,60.437863945,0.044447390584,-994.6975997913612
5799,60.437863945,0.044898633128,-1015.7010995268548
5800,61.48895723099999,0.000225621272,-2434.394079635478
5801,61.48895723099999,0.000676863816,-2312.874444346723
5802,61.48895723099999,0.00112810636,-2198.026252657304
5803,61.48895723099999,0.001579348904,-2088.766905281656
5804,61.48895723099999,0.002030591448,-1984.8403846853178
5805,61.48895723099999,0.0024818339919999996,-1886.0172988984787
5806,61.48895723099999,0.0029330765359999998,-1792.0682095000225
5807,61.48895723099999,0.0033843190799999995,-1702.7687914370017
5808,61.48895723099999,0.0038355616239999996,-1617.9034825362169
5809,61.48895723099999,0.004286804168,-1537.2670445710048
5810,61.48895723099999,0.004738046712,-1460.664983920242
5811,61.48895723099999,0.0051892892559999996,-1387.9134105848839
5812,61.48895723099999,0.0056405318,-1318.8386317783797
5813,61.48895723099999,0.006091774344,-1253.2766291921296
5814,61.48895723099999,0.0065430168879999995,-1191.072495725741
5815,61.48895723099999,0.006994259432,-1132.079870480674
5816,61.48895723099999,0.007445501976,-1076.160391664322
5817,61.48895723099999,0.007896744519999999,-1023.183176917641
5818,61.48895723099999,0.008347987064,-973.0243351073659
5819,61.48895723099999,0.008799229607999998,-925.566510644303
5820,61.48895723099999,0.009250472151999999,-880.6984597984483
5821,61.48895723099999,0.009701714695999999,-838.3146576173842
5822,61.48895723099999,0.010152957239999998,-798.3149336767749
5823,61.48895723099999,0.010604199783999999,-760.6041346893194
5824,61.48895723099999,0.011055442327999999,-725.091812021021
5825,61.48895723099999,0.011506684871999998,-691.6919321812254
5826,61.48895723099999,0.011957927415999998,-660.3226084820385
5827,61.48895723099999,0.012409169959999999,-630.9058521504021
5828,61.48895723099999,0.012860412503999998,-603.3673413345984
5829,61.48895723099999,0.013311655047999998,-577.6362065376134
5830,61.48895723099999,0.013762897591999999,-553.6448311544971
5831,61.48895723099999,0.014214140135999998,-531.3286658968494
5832,61.48895723099999,0.014665382679999998,-510.6260559762314
5833,61.48895723099999,0.015116625223999999,-491.47808005273356
5834,61.48895723099999,0.015567867767999998,-473.828399998938
5835,61.48895723099999,0.016019110312,-457.6231206457687
5836,61.48895723099999,0.016470352856,-442.81065873337474
5837,61.48895723099999,0.0169215954,-429.3416203609435
5838,61.48895723099999,0.017372837944,-417.168686289294
5839,61.48895723099999,0.017824080488,-406.2465045134747
5840,61.48895723099999,0.018275323032,-396.53158955242253
5841,61.48895723099999,0.018726565576,-387.9822279800772
5842,61.48895723099999,0.01917780812,-380.5583897261342
5843,61.48895723099999,0.019629050664,-374.22164474695506
5844,61.48895723099999,0.020080293207999998,-368.9350846744651
5845,61.48895723099999,0.020531535752,-364.6632491002984
5846,61.48895723099999,0.020982778296,-361.37205616851253
5847,61.48895723099999,0.021434020839999998,-359.02873718188596
5848,61.48895723099999,0.021885263384,-357.60177494958333
5849,61.48895723099999,0.022336505928,-357.06084562328056
5850,61.48895723099999,0.022787748471999998,-357.3767637896591
5851,61.48895723099999,0.023238991016,-358.5214306054793
5852,61.48895723099999,0.02369023356,-360.4677847752336
5853,61.48895723099999,0.024141476103999998,-363.1897561900509
5854,61.48895723099999,0.024592718648,-366.6622220556176
5855,61.48895723099999,0.025043961192,-370.8609653541996
5856,61.48895723099999,0.025495203735999998,-375.76263549178196
5857,61.48895723099999,0.02594644628,-381.3447109994816
5858,61.48895723099999,0.026397688824,-387.5854641568758
5859,61.48895723099999,0.026848931367999998,-394.4639274258903
5860,61.48895723099999,0.027300173912,-401.9598615846696
5861,61.48895723099999,0.027751416456,-410.05372545950524
5862,61.48895723099999,0.028202658999999998,-418.72664716293383
5863,61.48895723099999,0.028653901544,-427.9603967429742
5864,61.48895723099999,0.029105144088,-437.73736017257636
5865,61.48895723099999,0.029556386631999998,-448.0405145964256
5866,61.48895723099999,0.030007629176,-458.8534047570159
5867,61.48895723099999,0.03045887172,-470.1601205520474
5868,61.48895723099999,0.030910114263999998,-481.94527563628134
5869,61.48895723099999,0.031361356808,-494.19398703798544
5870,61.48895723099999,0.031812599351999996,-506.89185569752107
5871,61.48895723099999,0.032263841896,-520.0249479207677
5872,61.48895723099999,0.03271508444,-533.5797776628198
5873,61.48895723099999,0.033166326983999996,-547.5432896185333
5874,61.48895723099999,0.033617569528,-561.9028430652465
5875,61.48895723099999,0.034068812072,-576.6461964255755
5876,61.48895723099999,0.034520054615999995,-591.7614925134476
5877,61.48895723099999,0.03497129716,-607.2372444192133
5878,61.48895723099999,0.035422539704,-623.0623220063679
5879,61.48895723099999,0.035873782247999995,-639.2259389986318
5880,61.48895723099999,0.036325024792,-655.7176406126787
5881,61.48895723099999,0.036776267336,-672.5272917107784
5882,61.48895723099999,0.037227509879999995,-689.6450654561411
5883,61.48895723099999,0.037678752424,-707.0614324430638
5884,61.48895723099999,0.038129994968,-724.7671502824167
5885,61.48895723099999,0.038581237511999995,-742.7532535923465
5886,61.48895723099999,0.039032480056,-761.0110444440913
5887,61.48895723099999,0.0394837226,-779.5320831357037
5888,61.48895723099999,0.039934965143999995,-798.308179387602
5889,61.48895723099999,0.040386207688,-817.3313838665576
5890,61.48895723099999,0.040837450232,-836.5939800485938
5891,61.48895723099999,0.041288692775999995,-856.0884764083787
5892,61.48895723099999,0.04173993532,-875.8075989105075
5893,61.48895723099999,0.042191177864,-895.7442837933283
5894,61.48895723099999,0.042642420407999995,-915.8916706342204
5895,61.48895723099999,0.043093662952,-936.2430956815178
5896,61.48895723099999,0.043544905496,-956.792085434053
5897,61.48895723099999,0.043996148039999995,-977.5323504779194
5898,61.48895723099999,0.044447390584,-998.4577795395289
5899,61.48895723099999,0.044898633128,-1019.5624337742804
5900,62.540050517,0.000225621272,-2434.347039296429
5901,62.540050517,0.000676863816,-2312.759158496416
5902,62.540050517,0.00112810636,-2197.8818739037183
5903,62.540050517,0.001579348904,-2088.596669848214
5904,62.540050517,0.002030591448,-1984.643571258564
5905,62.540050517,0.0024818339919999996,-1885.7931583931454
5906,62.540050517,0.0029330765359999998,-1791.816440664048
5907,62.540050517,0.0033843190799999995,-1702.4895206628762
5908,62.540050517,0.0038355616239999996,-1617.5971818182566
5909,62.540050517,0.004286804168,-1536.9344583377347
5910,62.540050517,0.004738046712,-1460.307072654999
5911,62.540050517,0.0051892892559999996,-1387.5313083784936
5912,62.540050517,0.0056405318,-1318.4336140841103
5913,62.540050517,0.006091774344,-1252.8500878725747
5914,62.540050517,0.0065430168879999995,-1190.625919337625
5915,62.540050517,0.006994259432,-1131.6148283843652
5916,62.540050517,0.007445501976,-1075.6785209813038
5917,62.540050517,0.007896744519999999,-1022.6861716573019
5918,62.540050517,0.008347987064,-972.5139369713283
5919,62.540050517,0.008799229607999998,-925.0445011646325
5920,62.540050517,0.009250472151999999,-880.1666535439604
5921,62.540050517,0.009701714695999999,-837.7748962772564
5922,62.540050517,0.010152957239999998,-797.7690808667853
5923,62.540050517,0.010604199783999999,-760.0540713731629
5924,62.540050517,0.011055442327999999,-724.5394324427689
5925,62.540050517,0.011506684871999998,-691.1391402475047
5926,62.540050517,0.011957927415999998,-659.7713145239691
5927,62.540050517,0.012409169959999999,-630.3579700239391
5928,62.540050517,0.012860412503999998,-602.8247858093056
5929,62.540050517,0.013311655047999998,-577.1008909518044
5930,62.540050517,0.013762897591999999,-553.1186652941858
5931,62.540050517,0.014214140135999998,-530.8135540830035
5932,62.540050517,0.014665382679999998,-510.1238953353812
5933,62.540050517,0.015116625223999999,-490.9907589511472
5934,62.540050517,0.015567867767999998,-473.35779662826036
5935,62.540050517,0.016019110312,-457.1711017399619
5936,62.540050517,0.016470352856,-442.3790784097933
5937,62.540050517,0.0169215954,-428.93231907291727
5938,62.540050517,0.017372837944,-416.78348987734665
5939,62.540050517,0.017824080488,-405.8872233506523
5940,62.540050517,0.018275323032,-396.2000177746013
5941,62.540050517,0.018726565576,-387.68014279116557
5942,62.540050517,0.01917780812,-380.2875507761686
5943,62.540050517,0.019629050664,-373.98379357499493
5944,62.540050517,0.020080293207999998,-368.73194421063494
5945,62.540050517,0.020531535752,-364.4965232249742
5946,62.540050517,0.020982778296,-361.24342931946626
5947,62.540050517,0.021434020839999998,-358.9398740118758
5948,62.540050517,0.021885263384,-357.554320024403
5949,62.540050517,0.022336505928,-357.0564231619118
5950,62.540050517,0.022787748471999998,-357.416977440614
5951,62.540050517,0.023238991016,-358.6078632581054
5952,62.540050517,0.02369023356,-360.6019984023158
5953,62.540050517,0.024141476103999998,-363.3732917203315
5954,62.540050517,0.024592718648,-366.8965992736632
5955,62.540050517,0.025043961192,-371.1476828256778
5956,62.540050517,0.025495203735999998,-376.1031705116927
5957,62.540050517,0.02594644628,-381.7405195642004
5958,62.540050517,0.026397688824,-388.03798095238125
5959,62.540050517,0.026848931367999998,-394.9745658403296
5960,62.540050517,0.027300173912,-402.53001373287634
5961,62.540050517,0.027751416456,-410.68476223022697
5962,62.540050517,0.028202658999999998,-419.41991827183057
5963,62.540050517,0.028653901544,-428.71723081017757
5964,62.540050517,0.029105144088,-438.5590648027737
5965,62.540050517,0.029556386631999998,-448.92837648170354
5966,62.540050517,0.030007629176,-459.8086897799784
5967,62.540050517,0.03045887172,-471.18407390672644
5968,62.540050517,0.030910114263999998,-483.0391219575992
5969,62.540050517,0.031361356808,-495.3589305332071
5970,62.540050517,0.031812599351999996,-508.12908029886654
5971,62.540050517,0.032263841896,-521.335617428899
5972,62.540050517,0.03271508444,-534.9650359130189
5973,62.540050517,0.033166326983999996,-549.0042606404454
5974,62.540050517,0.033617569528,-563.4406312596611
5975,62.540050517,0.034068812072,-578.2618867328362
5976,62.540050517,0.034520054615999995,-593.4561506041091
5977,62.540050517,0.03497129716,-609.0119168693195
5978,62.540050517,0.035422539704,-624.9180364965921
5979,62.540050517,0.035873782247999995,-641.1637044980926
5980,62.540050517,0.036325024792,-657.738447580167
5981,62.540050517,0.036776267336,-674.6321122925065
5982,62.540050517,0.037227509879999995,-691.8348536879878
5983,62.540050517,0.037678752424,-709.3371244518364
5984,62.540050517,0.038129994968,-727.1296644925762
5985,62.540050517,0.038581237511999995,-745.2034909332788
5986,62.540050517,0.039032480056,-763.549888562572
5987,62.540050517,0.0394837226,-782.1604005963013
5988,62.540050517,0.039934965143999995,-801.0268198917189
5989,62.540050517,0.040386207688,-820.1411804594147
5990,62.540050517,0.040837450232,-839.4957493370919
5991,62.540050517,0.041288692775999995,-859.083018762919
5992,62.540050517,0.04173993532,-878.895698690498
5993,62.540050517,0.042191177864,-898.9267095446726
5994,62.540050517,0.042642420407999995,-919.169175318664
5995,62.540050517,0.043093662952,-939.6164168732566
5996,62.540050517,0.043544905496,-960.2619455477463
5997,62.540050517,0.043996148039999995,-981.099456959856
5998,62.540050517,0.044447390584,-1002.1228250947087
5999,62.540050517,0.044898633128,-1023.3260965675781
6000,63.591143802999994,0.000225621272,-2434.3013736335024
6001,63.591143802999994,0.000676863816,-2312.6457332285713
6002,63.591143802999994,0.00112810636,-2197.7401576282055
6003,63.591143802999994,0.001579348904,-2088.4301484479884
6004,63.591143802999994,0.002030591448,-1984.4515903284253
6005,63.591143802999994,0.0024818339919999996,-1885.5749719185767
6006,63.591143802999994,0.0029330765359999998,-1791.5717252833406
6007,63.591143802999994,0.0033843190799999995,-1702.2183688034247
6008,63.591143802999994,0.0038355616239999996,-1617.3000248766202
6009,63.591143802999994,0.004286804168,-1536.6119958436482
6010,63.591143802999994,0.004738046712,-1459.9602170822595
6011,63.591143802999994,0.0051892892559999996,-1387.1611433912851
6012,63.591143802999994,0.0056405318,-1318.0413627537105
6013,63.591143802999994,0.006091774344,-1252.4370880648007
6014,63.591143802999994,0.0065430168879999995,-1190.1936042693947
6015,63.591143802999994,0.006994259432,-1131.1647109631222
6016,63.591143802999994,0.007445501976,-1075.2121809626403
6017,63.591143802999994,0.007896744519999999,-1022.2052449469011
6018,63.591143802999994,0.008347987064,-972.020106590883
6019,63.591143802999994,0.008799229607999998,-924.5394895320878
6020,63.591143802999994,0.009250472151999999,-879.6522158108618
6021,63.591143802999994,0.009701714695999999,-837.2528145299789
6022,63.591143802999994,0.010152957239999998,-797.2411590426327
6023,63.591143802999994,0.010604199783999999,-759.5221307759423
6024,63.591143802999994,0.011055442327999999,-724.005307768508
6025,63.591143802999994,0.011506684871999998,-690.6046760438993
6026,63.591143802999994,0.011957927415999998,-659.2383620289593
6027,63.591143802999994,0.012409169959999999,-629.8283843293184
6028,63.591143802999994,0.012860412503999998,-602.3004233148142
6029,63.591143802999994,0.013311655047999998,-576.5836070687877
6030,63.591143802999994,0.013762897591999999,-552.6103123796779
6031,63.591143802999994,0.014214140135999998,-530.3159795671131
6032,63.591143802999994,0.014665382679999998,-509.63894003409854
6033,63.591143802999994,0.015116625223999999,-490.52025553602516
6034,63.591143802999994,0.015567867767999998,-472.9035682427594
6035,63.591143802999994,0.016019110312,-456.7349607465259
6036,63.591143802999994,0.016470352856,-441.96282525667345
6037,63.591143802999994,0.0169215954,-428.537741266231
6038,63.591143802999994,0.017372837944,-416.41236105496176
6039,63.591143802999994,0.017824080488,-405.54130244370157
6040,63.591143802999994,0.018275323032,-395.88104825058707
6041,63.591143802999994,0.018726565576,-387.3898519738172
6042,63.591143802999994,0.01917780812,-380.0276492336259
6043,63.591143802999994,0.019629050664,-373.7559745705367
6044,63.591143802999994,0.020080293207999998,-368.53788321307803
6045,63.591143802999994,0.020531535752,-364.33787747154184
6046,63.591143802999994,0.020982778296,-361.12183742906524
6047,63.591143802999994,0.021434020839999998,-358.85695564305036
6048,63.591143802999994,0.021885263384,-357.51167557663666
6049,63.591143802999994,0.022336505928,-357.0556335151014
6050,63.591143802999994,0.022787748471999998,-357.4596037309858
6051,63.591143802999994,0.023238991016,-358.6954466874658
6052,63.591143802999994,0.02369023356,-360.73606007835934
6053,63.591143802999994,0.024141476103999998,-363.5553325258592
6054,63.591143802999994,0.024592718648,-367.12809976189675
6055,63.591143802999994,0.025043961192,-371.43010314042976
6056,63.591143802999994,0.025495203735999998,-376.4379503312713
6057,63.591143802999994,0.02594644628,-382.1290780652418
6058,63.591143802999994,0.026397688824,-388.48171679472597
6059,63.591143802999994,0.026848931367999998,-395.47485716902486
6060,63.591143802999994,0.027300173912,-403.08821819909207
6061,63.591143802999994,0.027751416456,-411.3022170233679
6062,63.591143802999994,0.028202658999999998,-420.0979401738944
6063,63.591143802999994,0.028653901544,-429.45711625756434
6064,63.591143802999994,0.029105144088,-439.36208996175515
6065,63.591143802999994,0.029556386631999998,-449.79579733724887
6066,63.591143802999994,0.030007629176,-460.74174223516417
6067,63.591143802999994,0.03045887172,-472.1839738908531
6068,63.591143802999994,0.030910114263999998,-484.10706554327555
6069,63.591143802999994,0.031361356808,-496.4960940665236
6070,63.591143802999994,0.031812599351999996,-509.3366205310464
6071,63.591143802999994,0.032263841896,-522.6146716576063
6072,63.591143802999994,0.03271508444,-536.3167221348599
6073,63.591143802999994,0.033166326983999996,-550.4296777031926
6074,63.591143802999994,0.033617569528,-564.9408590223018
6075,63.591143802999994,0.034068812072,-579.8379862321983
6076,63.591143802999994,0.034520054615999995,-595.1091642247596
6077,63.591143802999994,0.03497129716,-610.7428685221414
6078,63.591143802999994,0.035422539704,-626.7279317891507
6079,63.591143802999994,0.035873782247999995,-643.0535309268917
6080,63.591143802999994,0.036325024792,-659.709174708953
6081,63.591143802999994,0.036776267336,-676.6846919457336
6082,63.591143802999994,0.037227509879999995,-693.9702201355096
6083,63.591143802999994,0.037678752424,-711.5561946098626
6084,63.591143802999994,0.038129994968,-729.4333381111945
6085,63.591143802999994,0.038581237511999995,-747.592650800006
6086,63.591143802999994,0.039032480056,-766.0254006922856
6087,63.591143802999994,0.0394837226,-784.7231144410376
6088,63.591143802999994,0.039934965143999995,-803.6775685385737
6089,63.591143802999994,0.040386207688,-822.8807808273937
6090,63.591143802999994,0.040837450232,-842.3250023786679
6091,63.591143802999994,0.041288692775999995,-862.0027096752252
6092,63.591143802999994,0.04173993532,-881.9065971095408
6093,63.591143802999994,0.042191177864,-902.0295697548602
6094,63.591143802999994,0.042642420407999995,-922.3647364520853
6095,63.591143802999994,0.043093662952,-942.905403111174
6096,63.591143802999994,0.043544905496,-963.6450663196213
6097,63.591143802999994,0.043996148039999995,-984.5774071644162
6098,63.591143802999994,0.044447390584,-1005.6962852772224
6099,63.591143802999994,0.044898633128,-1026.995733132915
6100,64.64223708899999,0.000225621272,-2434.257038004638
6101,64.64223708899999,0.000676863816,-2312.5340962013506
6102,64.64223708899999,0.00112810636,-2197.6009739229926
6103,64.64223708899999,0.001579348904,-2088.267151933231
6104,64.64223708899999,0.002030591448,-1984.2641953170091
6105,64.64223708899999,0.0024818339919999996,-1885.3624375375302
6106,64.64223708899999,0.0029330765359999998,-1791.3337081271704
6107,64.64223708899999,0.0033843190799999995,-1701.9549294258197
6108,64.64223708899999,0.0038355616239999996,-1617.0115562276508
6109,64.64223708899999,0.004286804168,-1536.2991547819458
6110,64.64223708899999,0.004738046712,-1459.623870378584
6111,64.64223708899999,0.0051892892559999996,-1386.8023266665955
6112,64.64223708899999,0.0056405318,-1317.661249150407
6113,64.64223708899999,0.006091774344,-1252.0369639654168
6114,64.64223708899999,0.0065430168879999995,-1189.7748501177994
6115,64.64223708899999,0.006994259432,-1130.7287858220575
6116,64.64223708899999,0.007445501976,-1074.7606098636818
6117,64.64223708899999,0.007896744519999999,-1021.7396083616375
6118,64.64223708899999,0.008347987064,-971.5420315471072
6119,64.64223708899999,0.008799229607999998,-924.0506420319846
6120,64.64223708899999,0.009250472151999999,-879.1542942913857
6121,64.64223708899999,0.009701714695999999,-836.7475441772851
6122,64.64223708899999,0.010152957239999998,-796.7302868108638
6123,64.64223708899999,0.010604199783999999,-759.0074209949591
6124,64.64223708899999,0.011055442327999999,-723.4885382553894
6125,64.64223708899999,0.011506684871999998,-690.0876346396172
6126,64.64223708899999,0.011957927415999998,-658.7228435052472
6127,64.64223708899999,0.012409169959999999,-629.3161876184713
6128,64.64223708899999,0.012860412503999998,-601.7933490195865
6129,64.64223708899999,0.013311655047999998,-576.0834552193537
6130,64.64223708899999,0.013762897591999999,-552.1188804130238
6131,64.64223708899999,0.014214140135999998,-529.8350604995762
6132,64.64223708899999,0.014665382679999998,-509.1703208100882
6133,64.64223708899999,0.015116625223999999,-490.06571553411135
6134,64.64223708899999,0.015567867767999998,-472.46487792155085
6135,64.64223708899999,0.016019110312,-456.31388042051884
6136,64.64223708899999,0.016470352856,-441.56110398441194
6137,64.64223708899999,0.0169215954,-428.1571158478808
6138,64.64223708899999,0.017372837944,-416.05455512204793
6139,64.64223708899999,0.017824080488,-405.2080256383383
6140,64.64223708899999,0.018275323032,-395.5739954837811
6141,64.64223708899999,0.018726565576,-387.11070275596245
6142,64.64223708899999,0.01917780812,-379.77806707388834
6143,64.64223708899999,0.019629050664,-373.5376064358193
6144,64.64223708899999,0.020080293207999998,-368.3523590464246
6145,64.64223708899999,0.020531535752,-364.1868097593669
6146,64.64223708899999,0.020982778296,-361.0068208185764
6147,64.64223708899999,0.021434020839999998,-358.7795666039224
6148,64.64223708899999,0.021885263384,-357.47347210334857
6149,64.64223708899999,0.022336505928,-357.05815486699345
6150,64.64223708899999,0.022787748471999998,-357.5043702079944
6151,64.64223708899999,0.023238991016,-358.7839594380221
6152,64.64223708899999,0.02369023356,-360.86980093749645
6153,64.64223708899999,0.024141476103999998,-363.73576388103544
6154,64.64223708899999,0.024592718648,-367.35666444549355
6155,64.64223708899999,0.025043961192,-371.7082243451378
6156,64.64223708899999,0.025495203735999998,-376.76703154845745
6157,64.64223708899999,0.02594644628,-382.5105030445075
6158,64.64223708899999,0.026397688824,-388.91684952113354
6159,64.64223708899999,0.026848931367999998,-395.96504186076885
6160,64.64223708899999,0.027300173912,-403.63477931817596
6161,64.64223708899999,0.027751416456,-411.90645930647696
6162,64.64223708899999,0.028202658999999998,-420.7611486718675
6163,64.64223708899999,0.028653901544,-430.1805563934245
6164,64.64223708899999,0.029105144088,-440.1470075967161
6165,64.64223708899999,0.029556386631999998,-450.6434188529369
6166,64.64223708899999,0.030007629176,-461.653274620493
6167,64.64223708899999,0.03045887172,-473.1606048462199
6168,64.64223708899999,0.030910114263999998,-485.14996358346195
6169,64.64223708899999,0.031361356808,-497.60640864495537
6170,64.64223708899999,0.031812599351999996,-510.51548216139673
6171,64.64223708899999,0.032263841896,-523.8631920460206
6172,64.64223708899999,0.03271508444,-537.6359943192049
6173,64.64223708899999,0.033166326983999996,-551.8207761981847
6174,64.64223708899999,0.033617569528,-566.4048399747892
6175,64.64223708899999,0.034068812072,-581.3758875683218
6176,64.64223708899999,0.034520054615999995,-596.7220058177629
6177,64.64223708899999,0.03497129716,-612.4316523570905
6178,64.64223708899999,0.035422539704,-628.4936421288796
6179,64.64223708899999,0.035873782247999995,-644.8971344814132
6180,64.64223708899999,0.036325024792,-661.6316208197741
6181,64.64223708899999,0.036776267336,-678.686912756755
6182,64.64223708899999,0.037227509879999995,-696.0531307776
6183,64.64223708899999,0.037678752424,-713.7206933843303
6184,64.64223708899999,0.038129994968,-731.680306674169
6185,64.64223708899999,0.038581237511999995,-749.9229543480103
6186,64.64223708899999,0.039032480056,-768.4398881566192
6187,64.64223708899999,0.0394837226,-787.2226186753544
6188,64.64223708899999,0.039934965143999995,-806.2629065073629
6189,64.64223708899999,0.040386207688,-825.5527537966907
6190,64.64223708899999,0.040837450232,-845.0843961137443
6191,64.64223708899999,0.041288692775999995,-864.8502946344697
6192,64.64223708899999,0.04173993532,-884.8431286347072
6193,64.64223708899999,0.042191177864,-905.0557882618373
6194,64.64223708899999,0.042642420407999995,-925.4813676394838
6195,64.64223708899999,0.043093662952,-946.1131581327047
6196,64.64223708899999,0.043544905496,-966.9446419976413
6197,64.64223708899999,0.043996148039999995,-987.9694861707969
6198,64.64223708899999,0.044447390584,-1009.1815363305318
6199,64.64223708899999,0.044898633128,-1030.5748111960388
6200,65.693330375,0.000225621272,-2434.213989723996
6201,65.693330375,0.000676863816,-2312.4241799738925
6202,65.693330375,0.00112810636,-2197.4642016886337
6203,65.693330375,0.001579348904,-2088.1075036823436
6204,65.693330375,0.002030591448,-1984.0811557480035
6205,65.693330375,0.0024818339919999996,-1885.1552728707004
6206,65.693330375,0.0029330765359999998,-1791.1020568645238
6207,65.693330375,0.0033843190799999995,-1701.6988222183531
6208,65.693330375,0.0038355616239999996,-1616.7313496019563
6209,65.693330375,0.004286804168,-1535.9954650181999
6210,65.693330375,0.004738046712,-1459.297520710731
6211,65.693330375,0.0051892892559999996,-1386.4543069103208
6212,65.693330375,0.0056405318,-1317.292684821588
6213,65.693330375,0.006091774344,-1251.6490923232775
6214,65.693330375,0.0065430168879999995,-1189.3690012400057
6215,65.693330375,0.006994259432,-1130.3063673762274
6216,65.693330375,0.007445501976,-1074.3230946393562
6217,65.693330375,0.007896744519999999,-1021.2885239011224
6218,65.693330375,0.008347987064,-971.0789514089146
6219,65.693330375,0.008799229607999998,-923.5771783367986
6220,65.693330375,0.009250472151999999,-878.6720913020345
6221,65.693330375,0.009701714695999999,-836.2582727197544
6222,65.693330375,0.010152957239999998,-796.2356393892288
6223,65.693330375,0.010604199783999999,-758.5091074908054
6224,65.693330375,0.011055442327999999,-722.9882821181209
6225,65.693330375,0.011506684871999998,-689.5871694974987
6226,65.693330375,0.011957927415999998,-658.2239101381324
6227,65.693330375,0.012409169959999999,-628.8205312490211
6228,65.693330375,0.012860412503999998,-601.3027168772848
6229,65.693330375,0.013311655047999998,-575.5995943494677
6230,65.693330375,0.013762897591999999,-551.6435356980165
6231,65.693330375,0.014214140135999998,-529.3699728760012
6232,65.693330375,0.014665382679999998,-508.71722565089027
6233,65.693330375,0.015116625223999999,-489.6263411894201
6234,65.693330375,0.015567867767999998,-472.0409443936084
6235,65.693330375,0.016019110312,-455.9070981652834
6236,65.693330375,0.016470352856,-441.1731728254799
6237,65.693330375,0.0169215954,-427.78972399195123
6238,65.693330375,0.017372837944,-415.7093782699616
6239,65.693330375,0.017824080488,-404.8867261776579
6240,65.693330375,0.018275323032,-395.2782217616878
6241,65.693330375,0.018726565576,-386.8420884238315
6242,65.693330375,0.01917780812,-379.53823049426325
6243,65.693330375,0.019629050664,-373.32815015172616
6244,65.693330375,0.020080293207999998,-368.1748693047044
6245,65.693330375,0.020531535752,-364.04285608553863
6246,65.693330375,0.020982778296,-360.8979556376303
6247,65.693330375,0.021434020839999998,-358.70732490486586
6248,65.693330375,0.021885263384,-357.43937114350734
6249,65.693330375,0.022336505928,-357.06369391319055
6250,65.693330375,0.022787748471999998,-357.5510303119341
6251,65.693330375,0.023238991016,-358.8732032433032
6252,65.693330375,0.02369023356,-361.0030725158648
6253,65.693330375,0.024141476103999998,-363.9144885961186
6254,65.693330375,0.024592718648,-367.5822488409695
6255,65.693330375,0.025043961192,-371.9820560572642
6256,65.693330375,0.025495203735999998,-377.09047924029375
6257,65.693330375,0.02594644628,-382.88491635859714
6258,65.693330375,0.026397688824,-389.34355905447916
6259,65.693330375,0.026848931367999998,-396.4453591520091
6260,65.693330375,0.027300173912,-404.1699968570344
6261,65.693330375,0.027751416456,-412.49785055332956
6262,65.693330375,0.028202658999999998,-421.40996809413224
6263,65.693330375,0.028653901544,-430.8880395126421
6264,65.693330375,0.029105144088,-440.91437105058225
6265,65.693330375,0.029556386631999998,-451.4718604655321
6266,65.693330375,0.030007629176,-462.54397348585735
6267,65.693330375,0.03045887172,-474.1147214173252
6268,65.693330375,0.030910114263999998,-486.16863977629845
6269,65.693330375,0.031361356808,-498.690767945034
6270,65.693330375,0.031812599351999996,-511.6666297396028
6271,65.693330375,0.032263841896,-525.082214883878
6272,65.693330375,0.03271508444,-538.9239613401827
6273,65.693330375,0.033166326983999996,-553.1787383991924
6274,65.693330375,0.033617569528,-567.8338305720456
6275,65.693330375,0.034068812072,-582.8769221427378
6276,65.693330375,0.034520054615999995,-598.296082467346
6277,65.693330375,0.03497129716,-614.0797518480579
6278,65.693330375,0.035422539704,-630.2167280601597
6279,65.693330375,0.035873782247999995,-646.6961534490771
6280,65.693330375,0.036325024792,-663.5075025767972
6281,65.693330375,0.036776267336,-680.6405703888288
6282,65.693330375,0.037227509879999995,-698.0854608712025
6283,65.693330375,0.037678752424,-715.8325761997005
6284,65.693330375,0.038129994968,-733.8726063284435
6285,65.693330375,0.038581237511999995,-752.1965189852008
6286,65.693330375,0.039032480056,-770.7955501314266
6287,65.693330375,0.0394837226,-789.6611947322065
6288,65.693330375,0.039934965143999995,-808.785197962425
6289,65.693330375,0.040386207688,-828.1595467274788
6290,65.693330375,0.040837450232,-847.7764615380954
6291,65.693330375,0.041288692775999995,-867.6283886928636
6292,65.693330375,0.04173993532,-887.7079927753371
6293,65.693330375,0.042191177864,-908.0081494352739
6294,65.693330375,0.042642420407999995,-928.5219384671805
6295,65.693330375,0.043093662952,-949.2426371095961
6296,65.693330375,0.043544905496,-970.1637136721287
6297,65.693330375,0.043996148039999995,-991.2788213280189
6298,65.693330375,0.044447390584,-1012.5817921728748
6299,65.693330375,0.044898633128,-1034.0666315327558
6300,66.744423661,0.000225621272,-2434.1721879380257
6301,66.744423661,0.000676863816,-2312.3159215957976
6302,66.744423661,0.00112810636,-2197.329727923878
6303,66.744423661,0.001579348904,-2087.9510386048046
6304,66.744423661,0.002030591448,-1983.9022559747987
6305,66.744423661,0.0024818339919999996,-1884.9532135568681
6306,66.744423661,0.0029330765359999998,-1790.8764602625727
6307,66.744423661,0.0033843190799999995,-1701.4496909359991
6308,66.744423661,0.0038355616239999996,-1616.4590056488107
6309,66.744423661,0.004286804168,-1535.700486063977
6310,66.744423661,0.004738046712,-1458.9806884900513
6311,66.744423661,0.0051892892559999996,-1386.1165675360778
6312,66.744423661,0.0056405318,-1316.9351183457218
6313,66.744423661,0.006091774344,-1251.2728890988137
6314,66.744423661,0.0065430168879999995,-1188.9754432426591
6315,66.744423661,0.006994259432,-1129.8968131793085
6316,66.744423661,0.007445501976,-1073.8989671208387
6317,66.744423661,0.007896744519999999,-1020.8513000310315
6318,66.744423661,0.008347987064,-970.6301536484876
6319,66.744423661,0.008799229607999998,-923.1183673085147
6320,66.744423661,0.009250472151999999,-878.2048594835692
6321,66.744423661,0.009701714695999999,-835.7842389656058
6322,66.744423661,0.010152957239999998,-795.7564441404551
6323,66.744423661,0.010604199783999999,-758.026408557794
6324,66.744423661,0.011055442327999999,-722.5037509457791
6325,66.744423661,0.011506684871999998,-689.1024878492483
6326,66.744423661,0.011957927415999998,-657.7407671339274
6327,66.744423661,0.012409169959999999,-628.3406207090991
6328,66.744423661,0.012860412503999998,-600.8277349436675
6329,66.744423661,0.013311655047999998,-575.131237340157
6330,66.744423661,0.013762897591999999,-551.1834981737188
6331,66.744423661,0.014214140135999998,-528.9199458917842
6332,66.744423661,0.014665382679999998,-508.27889517980003
6333,66.744423661,0.015116625223999999,-489.20138668969673
6334,66.744423661,0.015567867767999998,-471.631037514446
6335,66.744423661,0.016019110312,-455.5139015737029
6336,66.744423661,0.016470352856,-440.7983391427578
6337,66.744423661,0.0169215954,-427.4348948294327
6338,66.744423661,0.017372837944,-415.376183356376
6339,66.744423661,0.017824080488,-404.5767825696649
6340,66.744423661,0.018275323032,-394.9931331299068
6341,66.744423661,0.018726565576,-386.58344440597074
6342,66.744423661,0.01917780812,-379.30760611627903
6343,66.744423661,0.019629050664,-373.12710530379576
6344,66.744423661,0.020080293207999998,-368.0049482710504
6345,66.744423661,0.020531535752,-363.9055871248701
6346,66.744423661,0.020982778296,-360.7948506093658
6347,66.744423661,0.021434020839999998,-358.6398789357242
6348,66.744423661,0.021885263384,-357.40906233437187
6349,66.744423661,0.022336505928,-357.0719830814667
6350,66.744423661,0.022787748471999998,-357.59936076698557
6351,66.744423661,0.023238991016,-358.9630005926536
6352,66.744423661,0.02369023356,-361.13574450035975
6353,66.744423661,0.024141476103999998,-364.0914249509064
6354,66.744423661,0.024592718648,-367.80482118176275
6355,66.744423661,0.025043961192,-372.2516177884833
6356,66.744423661,0.025495203735999998,-377.4083654855248
6357,66.744423661,0.02594644628,-383.2524439097638
6358,66.744423661,0.026397688824,-389.7620263395128
6359,66.744423661,0.026848931367999998,-396.91604622022044
6360,66.744423661,0.027300173912,-404.69416537930437
6361,66.744423661,0.027751416456,-413.0767438361954
6362,66.744423661,0.028202658999999998,-422.0448111112806
6363,66.744423661,0.028653901544,-431.58003894413724
6364,66.744423661,0.029105144088,-441.66471533757255
6365,66.744423661,0.029556386631999998,-452.28171987347525
6366,66.744423661,0.030007629176,-463.41450017989047
6367,66.744423661,0.03045887172,-475.0470495458067
6368,66.744423661,0.030910114263999998,-487.1638855639373
6369,66.744423661,0.031361356808,-499.75002979141055
6370,66.744423661,0.031812599351999996,-512.7909883311166
6371,66.744423661,0.032263841896,-526.2727333065213
6372,66.744423661,0.03271508444,-540.181685200665
6373,66.744423661,0.033166326983999996,-554.5046959551717
6374,66.744423661,0.033617569528,-569.229032862376
6375,66.744423661,0.034068812072,-584.342363128085
6376,66.744423661,0.034520054615999995,-599.8327391691611
6377,66.744423661,0.03497129716,-615.6885844984379
6378,66.744423661,0.035422539704,-631.8986802552968
6379,66.744423661,0.035873782247999995,-648.4521522961513
6380,66.744423661,0.036325024792,-665.3384588562142
6381,66.744423661,0.036776267336,-682.5473787162687
6382,66.744423661,0.037227509879999995,-700.0689998596033
6383,66.744423661,0.037678752424,-717.8937086199104
6384,66.744423661,0.038129994968,-736.0121792844993
6385,66.744423661,0.038581237511999995,-754.4153640776585
6386,66.744423661,0.039032480056,-773.0944836304036
6387,66.744423661,0.0394837226,-792.041017751859
6388,66.744423661,0.039934965143999995,-811.2466966357824
6389,66.744423661,0.040386207688,-830.7034923741378
6390,66.744423661,0.040837450232,-850.4036108422515
6391,66.744423661,0.041288692775999995,-870.3394838845143
6392,66.744423661,0.04173993532,-890.5037618046824
6393,66.744423661,0.042191177864,-910.8893061498209
6394,66.744423661,0.042642420407999995,-931.4891827871149
6395,66.744423661,0.043093662952,-952.2966552114133
6396,66.744423661,0.043544905496,-973.3051781567484
6397,66.744423661,0.043996148039999995,-994.5083914008023
6398,66.744423661,0.044447390584,-1015.9001138312395
6399,66.744423661,0.044898633128,-1037.474337730654
6400,67.795516947,0.000225621272,-2434.13159351337
6401,67.795516947,0.000676863816,-2312.209262236929
6402,67.795516947,0.00112810636,-2197.1974470828663
6403,67.795516947,0.001579348904,-2087.7976022397584
6404,67.795516947,0.002030591448,-1983.7272940277335
6405,67.795516947,0.0024818339919999996,-1884.7560118556137
6406,67.795516947,0.0029330765359999998,-1790.6566265532742
6407,67.795516947,0.0033843190799999995,-1701.2072015391861
6408,67.795516947,0.0038355616239999996,-1616.1941498537417
6409,67.795516947,0.004286804168,-1535.41380478575
6410,67.795516947,0.004738046712,-1458.6729238801381
6411,67.795516947,0.0051892892559999996,-1385.7886239815575
6412,67.795516947,0.0056405318,-1316.5880324710415
6413,67.795516947,0.006091774344,-1250.9078064351022
6414,67.795516947,0.0065430168879999995,-1188.5935997915335
6415,67.795516947,0.006994259432,-1129.4995205845626
6416,67.795516947,0.007445501976,-1073.4876005439037
6417,67.795516947,0.007896744519999999,-1020.4272880845672
6418,67.795516947,0.008347987064,-970.1949699288496
6419,67.795516947,0.008799229607999998,-922.6735231851685
6420,67.795516947,0.009250472151999999,-877.7518978980069
6421,67.795516947,0.009701714695999999,-835.3247290515533
6422,67.795516947,0.010152957239999998,-795.2919765212903
6423,67.795516947,0.010604199783999999,-757.5585912103938
6424,67.795516947,0.011055442327999999,-722.0342055415427
6425,67.795516947,0.011506684871999998,-688.6328465008232
6426,67.795516947,0.011957927415999998,-657.2726694947917
6427,67.795516947,0.012409169959999999,-627.8757113774877
6428,67.795516947,0.012860412503999998,-600.3676611283722
6429,67.795516947,0.013311655047999998,-574.6776467633782
6430,67.795516947,0.013762897591999999,-550.73803717805
6431,67.795516947,0.014214140135999998,-528.4842577316256
6432,67.795516947,0.014665382679999998,-507.8546184744667
6433,67.795516947,0.015116625223999999,-488.7901540245502
6434,67.795516947,0.015567867767999998,-471.23447417421556
6435,67.795516947,0.016019110312,-455.1336243910492
6436,67.795516947,0.016470352856,-440.4359554582898
6437,67.795516947,0.0169215954,-427.09200154717365
6438,67.795516947,0.017372837944,-415.05436608835896
6439,67.795516947,0.017824080488,-404.2776148603368
6440,67.795516947,0.018275323032,-394.7181757555981
6441,67.795516947,0.018726565576,-386.33424474215707
6442,67.795516947,0.01917780812,-379.08569756480296
6443,67.795516947,0.019629050664,-372.93400677815794
6444,67.795516947,0.020080293207999998,-367.8421637347351
6445,67.795516947,0.020531535752,-363.77460517632915
6446,67.795516947,0.020982778296,-360.697144111896
6447,67.795516947,0.021434020839999998,-358.57690468866673
6448,67.795516947,0.021885263384,-357.382260781345
6449,67.795516947,0.022336505928,-357.08277805417976
6450,67.795516947,0.022787748471999998,-357.64915926116095
6451,67.795516947,0.023238991016,-359.05319257403033
6452,67.795516947,0.02369023356,-361.26770273842124
6453,67.795516947,0.024141476103999998,-364.2665048782396
6454,67.795516947,0.024592718648,-368.02436077777327
6455,67.795516947,0.025043961192,-372.51693748484263
6456,67.795516947,0.025495203735999998,-377.7207680920943
6457,67.795516947,0.02594644628,-383.6132145608564
6458,67.795516947,0.026397688824,-390.1724324565543
6459,67.795516947,0.026848931367999998,-397.3773374918096
6460,67.795516947,0.027300173912,-405.20757375549914
6461,67.795516947,0.027751416456,-413.6434835406944
6462,67.795516947,0.028202658999999998,-422.6660786599404
6463,67.795516947,0.028653901544,-432.25701318425547
6464,67.795516947,0.029105144088,-442.39855749363653
6465,67.795516947,0.029556386631999998,-453.0735736037015
6466,67.795516947,0.030007629176,-464.265491643086
6467,67.795516947,0.03045887172,-475.95828748124603
6468,67.795516947,0.030910114263999998,-488.1364613728417
6469,67.795516947,0.031361356808,-500.78501763186523
6470,67.795516947,0.031812599351999996,-513.889445219123
6471,67.795516947,0.032263841896,-527.4356992227235
6472,67.795516947,0.03271508444,-541.4101832032386
6473,67.795516947,0.033166326983999996,-555.7997323029474
6474,67.795516947,0.033617569528,-570.5915971332458
6475,67.795516947,0.034068812072,-585.7734283562268
6476,67.795516947,0.034520054615999995,-601.333261974486
6477,67.795516947,0.03497129716,-617.2595052289528
6478,67.795516947,0.035422539704,-633.5409231243373
6479,67.795516947,0.035873782247999995,-650.1666255358539
6480,67.795516947,0.036325024792,-667.126054862907
6481,67.795516947,0.036776267336,-684.4089741983446
6482,67.795516947,0.037227509879999995,-702.0054559983116
6483,67.795516947,0.037678752424,-719.9058712284392
6484,67.795516947,0.038129994968,-738.1008789612349
6485,67.795516947,0.038581237511999995,-756.5814163678784
6486,67.795516947,0.039032480056,-775.3386891970508
6487,67.795516947,0.0394837226,-794.3641625311836
6488,67.795516947,0.039934965143999995,-813.6495520017709
6489,67.795516947,0.040386207688,-833.186815314157
6490,67.795516947,0.040837450232,-852.9681441209505
6491,67.795516947,0.041288692775999995,-872.9859562121508
6492,67.795516947,0.04173993532,-893.2328880028219
6493,67.795516947,0.042191177864,-913.7017873231915
6494,67.795516947,0.042642420407999995,-934.3857064967424
6495,67.795516947,0.043093662952,-955.2778956400462
6496,67.795516947,0.043544905496,-976.3717962795345
6497,67.795516947,0.043996148039999995,-997.6610351535344
6498,67.795516947,0.044447390584,-1019.139418292683
6499,67.795516947,0.044898633128,-1040.8009252734598
6500,68.84661023299999,0.000225621272,-2434.0921689331267
6501,68.84661023299999,0.000676863816,-2312.1041468504677
6502,68.84661023299999,0.00112810636,-2197.067260490648
6503,68.84661023299999,0.001579348904,-2087.647049934596
6504,68.84661023299999,0.002030591448,-1983.556080564219
6505,68.84661023299999,0.0024818339919999996,-1884.5634353748505
6506,68.84661023299999,0.0029330765359999998,-1790.4422819461133
6507,68.84661023299999,0.0033843190799999995,-1700.9710404987757
6508,68.84661023299999,0.0038355616239999996,-1615.936430646127
6509,68.84661023299999,0.004286804168,-1535.1350333183332
6510,68.84661023299999,0.004738046712,-1458.3738045273315
6511,68.84661023299999,0.0051892892559999996,-1385.4700212696182
6512,68.84661023299999,0.0056405318,-1316.2509415104344
6513,68.84661023299999,0.006091774344,-1250.55332989942
6514,68.84661023299999,0.0065430168879999995,-1188.2229297117988
6515,68.84661023299999,0.006994259432,-1129.1139237122852
6516,68.84661023299999,0.007445501976,-1073.0884063890148
6517,68.84661023299999,0.007896744519999999,-1020.015878991699
6518,68.84661023299999,0.008347987064,-969.7727727325557
6519,68.84661023299999,0.008799229607999998,-922.242002115448
6520,68.84661023299999,0.009250472151999999,-877.3125484790124
6521,68.84661023299999,0.009701714695999999,-834.8790728167813
6522,68.84661023299999,0.010152957239999998,-794.8415563957167
6523,68.84661023299999,0.010604199783999999,-757.1049674487556
6524,68.84661023299999,0.011055442327999999,-721.578952141535
6525,68.84661023299999,0.011506684871999998,-688.1775480140673
6526,68.84661023299999,0.011957927415999998,-656.8189181836037
6527,68.84661023299999,0.012409169959999999,-627.4251046705255
6528,68.84661023299999,0.012860412503999998,-599.9217993366012
6529,68.84661023299999,0.013311655047999998,-574.238131025584
6530,68.84661023299999,0.013762897591999999,-550.3064676083713
6531,68.84661023299999,0.014214140135999998,-528.0622317446998
6532,68.84661023299999,0.014665382679999998,-507.44372927385797
6533,68.84661023299999,0.015116625223999999,-488.39198923167845
6534,68.84661023299999,0.015567867767999998,-470.8506145862333
6535,68.84661023299999,0.016019110312,-454.76564285641354
6536,68.84661023299999,0.016470352856,-440.08541585564836
6537,68.84661023299999,0.0169215954,-426.7604578601941
6538,68.84661023299999,0.017372837944,-414.7433615663139
6539,68.84661023299999,0.017824080488,-403.9886812579282
6540,68.84661023299999,0.018275323032,-394.4528326461871
6541,68.84661023299999,0.018726565576,-386.09399889337925
6542,68.84661023299999,0.01917780812,-378.87204237800665
6543,68.84661023299999,0.019629050664,-372.7484217811585
6544,68.84661023299999,0.020080293207999998,-367.68611412613853
6545,68.84661023299999,0.020531535752,-363.6495414168573
6546,68.84661023299999,0.020982778296,-360.6045015584754
6547,68.84661023299999,0.021434020839999998,-358.5181032688223
6548,68.84661023299999,0.021885263384,-357.3587047041437
6549,68.84661023299999,0.022336505928,-357.0958555553545
6550,68.84661023299999,0.022787748471999998,-357.7002423797404
6551,68.84661023299999,0.023238991016,-359.1436369582098
6552,68.84661023299999,0.02369023356,-361.39884747818303
6553,68.84661023299999,0.024141476103999998,-364.43967236372066
6554,68.84661023299999,0.024592718648,-368.240856580111
6555,68.84661023299999,0.025043961192,-372.7780502597456
6556,68.84661023299999,0.025495203735999998,-378.0277695026335
6557,68.84661023299999,0.02594644628,-383.96735921847215
6558,68.84661023299999,0.026397688824,-390.5749578812241
6559,68.84661023299999,0.026848931367999998,-397.8294640866917
6560,68.84661023299999,0.027300173912,-405.7105047975843
6561,68.84661023299999,0.027751416456,-414.1984051852408
6562,68.84661023299999,0.028202658999999998,-423.2741599578104
6563,68.84661023299999,0.028653901544,-432.91940611026115
6564,68.84661023299999,0.029105144088,-443.11639698874734
6565,68.84661023299999,0.029556386631999998,-453.8479776248347
6566,68.84661023299999,0.030007629176,-465.0975612246602
6567,68.84661023299999,0.03045887172,-476.8491068059761
6568,68.84661023299999,0.030910114263999998,-489.08709784824197
6569,68.84661023299999,0.031361356808,-501.7965219788785
6570,68.84661023299999,0.031812599351999996,-514.9628515619202
6571,68.84661023299999,0.032263841896,-528.5720251924388
6572,68.84661023299999,0.03271508444,-542.6104300425059
6573,68.84661023299999,0.033166326983999996,-557.0648849775861
6574,68.84661023299999,0.033617569528,-571.9226244498865
6575,68.84661023299999,0.034068812072,-587.1712830854823
6576,68.84661023299999,0.034520054615999995,-602.7988809788524
6577,68.84661023299999,0.03497129716,-618.7938095896382
6578,68.84661023299999,0.035422539704,-635.1448182803831
6579,68.84661023299999,0.035873782247999995,-651.841001419846
6580,68.84661023299999,0.036325024792,-668.8717860424495
6581,68.84661023299999,0.036776267336,-686.2269200227909
6582,68.84661023299999,0.037227509879999995,-703.8964607451014
6583,68.84661023299999,0.037678752424,-721.8707642519846
6584,68.84661023299999,0.038129994968,-740.1404748384302
6585,68.84661023299999,0.038581237511999995,-758.6965150678377
6586,68.84661023299999,0.039032480056,-777.5300762169006
6587,68.84661023299999,0.0394837226,-796.6326090649063
6588,68.84661023299999,0.039934965143999995,-815.9958150971966
6589,68.84661023299999,0.040386207688,-835.6116380299625
6590,68.84661023299999,0.040837450232,-855.4722556850172
6591,68.84661023299999,0.041288692775999995,-875.5700721830035
6592,68.84661023299999,0.04173993532,-895.897710436233
6593,68.84661023299999,0.042191177864,-916.4480049309141
6594,68.84661023299999,0.042642420407999995,-937.2139948100148
6595,68.84661023299999,0.043093662952,-958.1889171681852
6596,68.84661023299999,0.043544905496,-979.3662006768714
6597,68.84661023299999,0.043996148039999995,-1000.7394593843526
6598,68.84661023299999,0.044447390584,-1022.3024867856759
6599,68.84661023299999,0.044898633128,-1044.049250099012
6600,69.89770351899999,0.000225621272,-2434.0538782030917
6601,69.89770351899999,0.000676863816,-2312.0005238690514
6602,69.89770351899999,0.00112810636,-2196.9390758120476
6603,69.89770351899999,0.001579348904,-2087.4992461006077
6604,69.89770351899999,0.002030591448,-1983.388437915944
6605,69.89770351899999,0.0024818339919999996,-1884.375265917269
6606,69.89770351899999,0.0029330765359999998,-1790.2331692777552
6607,69.89770351899999,0.0033843190799999995,-1700.7409132568873
6608,69.89770351899999,0.0038355616239999996,-1615.685517676052
6609,69.89770351899999,0.004286804168,-1534.86380717108
6610,69.89770351899999,0.004738046712,-1458.0829335029462
6611,69.89770351899999,0.0051892892559999996,-1385.1603317886875
6612,69.89770351899999,0.0056405318,-1315.9233889763254
6613,69.89770351899999,0.006091774344,-1250.2089759768432
6614,69.89770351899999,0.0065430168879999995,-1187.8629243497244
6615,69.89770351899999,0.006994259432,-1128.739490691802
6616,69.89770351899999,0.007445501976,-1072.7008315153705
6617,69.89770351899999,0.007896744519999999,-1019.6165003074291
6618,69.89770351899999,0.008347987064,-969.3629722949349
6619,69.89770351899999,0.008799229607999998,-921.8231990065058
6620,69.89770351899999,0.009250472151999999,-876.8861928071848
6621,69.89770351899999,0.009701714695999999,-834.4466405155526
6622,69.89770351899999,0.010152957239999998,-794.4045446891773
6623,69.89770351899999,0.010604199783999999,-756.6648908637599
6624,69.89770351899999,0.011055442327999999,-721.1373389854936
6625,69.89770351899999,0.011506684871999998,-687.7359372492878
6626,69.89770351899999,0.011957927415999998,-656.3788566383432
6627,69.89770351899999,0.012409169959999999,-626.9881445457893
6628,69.89770351899999,0.012860412503999998,-599.4894959686928
6629,69.89770351899999,0.013311655047999998,-573.8120408719894
6630,69.89770351899999,0.013762897591999999,-549.8881464333042
6631,69.89770351899999,0.014214140135999998,-527.6532329814352
6632,69.89770351899999,0.014665382679999998,-507.04560254043275
6633,69.89770351899999,0.015116625223999999,-488.0062789900151
6634,69.89770351899999,0.015567867767999998,-470.4788589252119
6635,69.89770351899999,0.016019110312,-454.4093723904123
6636,69.89770351899999,0.016470352856,-439.74615272267437
6637,69.89770351899999,0.0169215954,-426.4397148155635
6638,69.89770351899999,0.017372837944,-414.44264115906924
6639,69.89770351899999,0.017824080488,-403.7094750862604
6640,69.89770351899999,0.018275323032,-394.1966206794994
6641,69.89770351899999,0.018726565576,-385.8622488636544
6642,69.89770351899999,0.01917780812,-378.6662092247363
6643,69.89770351899999,0.019629050664,-372.5699471540538
6644,69.89770351899999,0.020080293207999998,-367.5364259356565
6645,69.89770351899999,0.020531535752,-363.5300534309861
6646,69.89770351899999,0.020982778296,-360.51661304159745
6647,69.89770351899999,0.021434020839999998,-358.4631986591798
6648,69.89770351899999,0.021885263384,-357.33815332753164
6649,69.89770351899999,0.022336505928,-357.1110113717128
6650,69.89770351899999,0.022787748471999998,-357.7524437607763
6651,69.89770351899999,0.023238991016,-359.23420649304353
6652,69.89770351899999,0.02369023356,-361.5290918059528
6653,69.89770351899999,0.024141476103999998,-364.61088203001964
6654,69.89770351899999,0.024592718648,-368.4543059166022
6655,69.89770351899999,0.025043961192,-373.03499728502624
6656,69.89770351899999,0.025495203735999998,-378.32945584158267
6657,69.89770351899999,0.02594644628,-384.31501004166176
6658,69.89770351899999,0.026397688824,-390.96978185982067
6659,69.89770351899999,0.026848931367999998,-398.2726533635425
6660,69.89770351899999,0.027300173912,-406.20323497342827
6661,69.89770351899999,0.027751416456,-414.74183531735923
6662,69.89770351899999,0.028202658999999998,-423.8694325725192
6663,69.89770351899999,0.028653901544,-433.56764722728934
6664,69.89770351899999,0.029105144088,-443.8187161567866
6665,69.89770351899999,0.029556386631999998,-454.60546796568684
6666,69.89770351899999,0.030007629176,-465.9112994900704
6667,69.89770351899999,0.03045887172,-477.7201534347093
6668,69.89770351899999,0.030910114263999998,-490.016497048875
6669,69.89770351899999,0.031361356808,-502.78530179947853
6670,69.89770351899999,0.031812599351999996,-516.0120239822465
6671,69.89770351899999,0.032263841896,-529.6825862145549
6672,69.89770351899999,0.03271508444,-543.7833597919417
6673,69.89770351899999,0.033166326983999996,-558.3011478071319
6674,69.89770351899999,0.033617569528,-573.2231690516016
6675,69.89770351899999,0.034068812072,-588.5370426024591
6676,69.89770351899999,0.034520054615999995,-604.2307731278801
6677,69.89770351899999,0.03497129716,-620.2927367843059
6678,69.89770351899999,0.035422539704,-636.7116677568047
6679,69.89770351899999,0.035873782247999995,-653.4766453695818
6680,69.89770351899999,0.036325024792,-670.5770817463351
6681,69.89770351899999,0.036776267336,-688.0027099882323
6682,69.89770351899999,0.037227509879999995,-705.7435728432492
6683,69.89770351899999,0.037678752424,-723.7900118620162
6684,69.89770351899999,0.038129994968,-742.1326569942919
6685,69.89770351899999,0.038581237511999995,-760.7624165981491
6686,69.89770351899999,0.039032480056,-779.6704678975236
6687,69.89770351899999,0.0394837226,-798.8482477692945
6688,69.89770351899999,0.039934965143999995,-818.2874439403345
6689,69.89770351899999,0.040386207688,-837.9799865299219
6690,69.89770351899999,0.040837450232,-857.9180399099539
6691,69.89770351899999,0.041288692775999995,-878.0939949061781
6692,69.89770351899999,0.04173993532,-898.5004612906862
6693,69.89770351899999,0.042191177864,-919.13026056388
6694,69.89770351899999,0.042642420407999995,-939.9764190396038
6695,69.89770351899999,0.043093662952,-961.032161139326
6696,69.89770351899999,0.043544905496,-982.2909030199619
6697,69.89770351899999,0.043996148039999995,-1003.7462463676161
6698,69.89770351899999,0.044447390584,-1025.3919724683292
6699,69.89770351899999,0.044898633128,-1047.2220364944767
6700,70.948796805,0.000225621272,-2434.0166867639527
6701,70.948796805,0.000676863816,-2311.8983449280104
6702,70.948796805,0.00112810636,-2196.812806569056
6703,70.948796805,0.001579348904,-2087.354063532961
6704,70.948796805,0.002030591448,-1983.2241992200932
6705,70.948796805,0.0024818339919999996,-1884.191298425637
6706,70.948796805,0.0029330765359999998,-1790.0290467797881
6707,70.948796805,0.0033843190799999995,-1700.5165428225885
6708,70.948796805,0.0038355616239999996,-1615.441100246433
6709,70.948796805,0.004286804168,-1534.5997834993389
6710,70.948796805,0.004738046712,-1457.7999374232454
6711,70.948796805,0.0051892892559999996,-1384.8591532719224
6712,70.948796805,0.0056405318,-1315.6049454229053
6713,70.948796805,0.006091774344,-1249.874289787088
6714,70.948796805,0.0065430168879999995,-1187.5131051722424
6715,70.948796805,0.006994259432,-1128.3757211473476
6716,70.948796805,0.007445501976,-1072.3243555422202
6717,70.948796805,0.007896744519999999,-1019.2286135033723
6718,70.948796805,0.008347987064,-968.965013810348
6719,70.948796805,0.008799229607999998,-921.4165446584791
6720,70.948796805,0.009250472151999999,-876.4722491728915
6721,70.948796805,0.009701714695999999,-834.0268398192687
6722,70.948796805,0.010152957239999998,-793.9803403406922
6723,70.948796805,0.010604199783999999,-756.2377535439555
6724,70.948796805,0.011055442327999999,-720.7087531871719
6725,70.948796805,0.011506684871999998,-687.3073982084626
6726,70.948796805,0.011957927415999998,-655.9518676003929
6727,70.948796805,0.012409169959999999,-626.5642143192324
6728,70.948796805,0.012860412503999998,-599.070136732616
6729,70.948796805,0.013311655047999998,-573.3987662023238
6730,70.948796805,0.013762897591999999,-549.4824695238348
6731,70.948796805,0.014214140135999998,-527.2566650390402
6732,70.948796805,0.014665382679999998,-506.65965133183033
6733,70.948796805,0.015116625223999999,-487.6324475273552
6734,70.948796805,0.015567867767999998,-470.11864427341135
6735,70.948796805,0.016019110312,-454.06426458643386
6736,70.948796805,0.016470352856,-439.4176337951994
6737,70.948796805,0.0169215954,-426.12925789530306
6738,70.948796805,0.017372837944,-414.15170967096475
6739,70.948796805,0.017824080488,-403.43952201789637
6740,70.948796805,0.018275323032,-393.9490879176885
6741,70.948796805,0.018726565576,-385.6385665926029
6742,70.948796805,0.01917780812,-378.4677953834566
6743,70.948796805,0.019629050664,-372.39820694526196
6744,70.948796805,0.020080293207999998,-367.39275138365184
6745,70.948796805,0.020531535752,-363.4158229833278
6746,70.948796805,0.020982778296,-360.4331912129421
6747,70.948796805,0.021434020839999998,-358.41193571195504
6748,70.948796805,0.021885263384,-357.3203849884037
6749,70.948796805,0.022336505928,-357.1280585799744
6750,70.948796805,0.022787748471999998,-357.8056124466585
6751,70.948796805,0.023238991016,-359.3247873840354
6752,70.948796805,0.02369023356,-361.65836025878866
6753,70.948796805,0.024141476103999998,-364.78009788616856
6754,70.948796805,0.024592718648,-368.6647133804069
6755,70.948796805,0.025043961192,-373.28782482202524
6756,70.948796805,0.025495203735999998,-378.62591609690446
6757,70.948796805,0.02594644628,-384.65629977399936
6758,70.948796805,0.026397688824,-391.35708189452197
6759,70.948796805,0.026848931367999998,-398.7071285592619
6760,70.948796805,0.027300173912,-406.68603420502774
6761,70.948796805,0.027751416456,-415.27409146907354
6762,70.948796805,0.028202658999999998,-424.4522625479212
6763,70.948796805,0.028653901544,-434.20215196504523
6764,70.948796805,0.029105144088,-444.5059806634618
6765,70.948796805,0.029556386631999998,-455.3465613528191
6766,70.948796805,0.030007629176,-466.70727502504775
6767,70.948796805,0.03045887172,-478.57204860059
6768,70.948796805,0.030910114263999998,-490.9253336045784
6769,70.948796805,0.031361356808,-503.7520858585751
6770,70.948796805,0.031812599351999996,-517.0377460882428
6771,70.948796805,0.032263841896,-530.7682214356187
6772,70.948796805,0.03271508444,-544.9298678038302
6773,70.948796805,0.033166326983999996,-559.5094729991962
6774,70.948796805,0.033617569528,-574.494240626309
6775,70.948796805,0.034068812072,-589.8717746866813
6776,70.948796805,0.034520054615999995,-605.6300648820377
6777,70.948796805,0.03497129716,-621.7574725221377
6778,70.948796805,0.035422539704,-638.2427170652345
6779,70.948796805,0.035873782247999995,-655.0748632340778
6780,70.948796805,0.036325024792,-672.2433086733058
6781,70.948796805,0.036776267336,-689.7377721404168
6782,70.948796805,0.037227509879999995,-707.5482821689989
6783,70.948796805,0.037678752424,-725.6651662329873
6784,70.948796805,0.038129994968,-744.079040340566
6785,70.948796805,0.038581237511999995,-762.7807990516105
6786,70.948796805,0.039032480056,-781.7616059264758
6787,70.948796805,0.0394837226,-801.0128843219115
6788,70.948796805,0.039934965143999995,-820.5263085976601
6789,70.948796805,0.040386207688,-840.293795638829
6790,70.948796805,0.040837450232,-860.3074967365734
6791,70.948796805,0.041288692775999995,-880.559789782814
6792,70.948796805,0.04173993532,-901.043271761282
6793,70.948796805,0.042191177864,-921.7507515340628
6794,70.948796805,0.042642420407999995,-942.6752429229427
6795,70.948796805,0.043093662952,-963.8099580147568
6796,70.948796805,0.043544905496,-985.148300765775
6797,70.948796805,0.043996148039999995,-1006.6838608306632
6798,70.948796805,0.044447390584,-1028.4104075996752
6799,70.948796805,0.044898633128,-1050.3218845070146
6800,71.999890091,0.000225621272,-2433.980561412216
6801,71.999890091,0.000676863816,-2311.7975646140494
6802,71.999890091,0.00112810636,-2196.6883716991456
6803,71.999890091,0.001579348904,-2087.211382791708
6804,71.999890091,0.002030591448,-1983.0632076256566
6805,71.999890091,0.0024818339919999996,-1884.011340022637
6806,71.999890091,0.0029330765359999998,-1789.8296869556173
6807,71.999890091,0.0033843190799999995,-1700.2976684908394
6808,71.999890091,0.0038355616239999996,-1615.20288587985
6809,71.999890091,0.004286804168,-1534.3426395272459
6810,71.999890091,0.004738046712,-1457.524464733465
6811,71.999890091,0.0051892892559999996,-1384.5661069516962
6812,71.999890091,0.0056405318,-1315.2952064761623
6813,71.999890091,0.006091774344,-1249.54884299851
6814,71.999890091,0.0065430168879999995,-1187.1730215700213
6815,71.999890091,0.006994259432,-1128.0221439037805
6816,71.999890091,0.007445501976,-1071.9584884619371
6817,71.999890091,0.007896744519999999,-1018.8517114929526
6818,71.999890091,0.008347987064,-968.5783748799147
6819,71.999890091,0.008799229607999998,-921.021503137926
6820,71.999890091,0.009250472151999999,-876.0701698920325
6821,71.999890091,0.009701714695999999,-833.6191130770192
6822,71.999890091,0.010152957239999998,-793.5683775177329
6823,71.999890091,0.010604199783999999,-755.8229832541463
6824,71.999890091,0.011055442327999999,-720.2926178804626
6825,71.999890091,0.011506684871999998,-686.8913511578619
6826,71.999890091,0.011957927415999998,-655.5373702186589
6827,71.999890091,0.012409169959999999,-626.1527337595833
6828,71.999890091,0.012860412503999998,-598.6631437371425
6829,71.999890091,0.013311655047999998,-572.997733167907
6830,71.999890091,0.013762897591999999,-549.0888687584254
6831,71.999890091,0.014214140135999998,-526.871967187345
6832,71.999890091,0.014665382679999998,-506.2853239512509
6833,71.999890091,0.015116625223999999,-487.2699537985844
6834,71.999890091,0.015567867767999998,-469.7694418333817
6835,71.999890091,0.016019110312,-453.7298044672098
6836,71.999890091,0.016470352856,-439.09935946284
6837,71.999890091,0.0169215954,-425.8286043765135
6838,71.999890091,0.017372837944,-413.8701027620922
6839,71.999890091,0.017824080488,-403.17837756448597
6840,71.999890091,0.018275323032,-393.70981116390186
6841,71.999890091,0.018726565576,-385.4225515903309
6842,71.999890091,0.01917780812,-378.27642445790644
6843,71.999890091,0.019629050664,-372.23285021177117
6844,71.999890091,0.020080293207999998,-367.25476631174723
6845,71.999890091,0.020531535752,-363.3065540047301
6846,71.999890091,0.020982778296,-360.35396936897774
6847,71.999890091,0.021434020839999998,-358.3640783381824
6848,71.999890091,0.021885263384,-357.3051954337149
6849,71.999890091,0.022336505928,-357.14682595681205
6850,71.999890091,0.022787748471999998,-357.8596114105455
6851,71.999890091,0.023238991016,-359.41527794038893
6852,71.999890091,0.02369023356,-361.78658759426145
6853,71.999890091,0.024141476103999998,-364.9472922241583
6854,71.999890091,0.024592718648,-368.8720898573574
6855,71.999890091,0.025043961192,-373.5365833840071
6856,71.999890091,0.025495203735999998,-378.91724141562105
6857,71.999890091,0.02594644628,-384.99136117848917
6858,71.999890091,0.026397688824,-391.73703332047177
6859,71.999890091,0.026848931367999998,-399.13310851432715
6860,71.999890091,0.027300173912,-407.15916574401393
6861,71.999890091,0.027751416456,-415.79548218667117
6862,71.999890091,0.028202658999999998,-425.0230045810182
6863,71.999890091,0.028653901544,-434.82332200830723
6864,71.999890091,0.029105144088,-445.1786399923998
6865,71.999890091,0.029556386631999998,-456.07175585923403
6866,71.999890091,0.030007629176,-467.48603526257244
6867,71.999890091,0.03045887172,-479.40538983248814
6868,71.999890091,0.030910114263999998,-491.81425587046135
6869,71.999890091,0.031361356808,-504.6975740358243
6870,71.999890091,0.031812599351999996,-518.0407699702207
6871,71.999890091,0.032263841896,-531.8297358098243
6872,71.999890091,0.03271508444,-546.0508125423287
6873,71.999890091,0.033166326983999996,-560.6907731458623
6874,71.999890091,0.033617569528,-575.7368064995096
6875,71.999890091,0.034068812072,-591.1765019780751
6876,71.999890091,0.034520054615999995,-606.997834760905
6877,71.999890091,0.03497129716,-623.189151747688
6878,71.999890091,0.035422539704,-639.7391581053803
6879,71.999890091,0.035873782247999995,-656.6369043761595
6880,71.999890091,0.036325024792,-673.8717741487706
6881,71.999890091,0.036776267336,-691.4334722438045
6882,71.999890091,0.037227509879999995,-709.3120133882082
6883,71.999890091,0.037678752424,-727.4977113765012
6884,71.999890091,0.038129994968,-745.9811686695261
6885,71.999890091,0.038581237511999995,-764.7532664123514
6886,71.999890091,0.039032480056,-783.8051548785693
6887,71.999890091,0.0394837226,-803.1282442854682
6888,71.999890091,0.039934965143999995,-822.7141959834973
6889,71.999890091,0.040386207688,-842.5549139832738
6890,71.999890091,0.040837450232,-862.6425368527648
6891,71.999890091,0.041288692775999995,-882.9694298948395
6892,71.999890091,0.04173993532,-903.5281776427933
6893,71.999890091,0.042191177864,-924.3115766564327
6894,71.999890091,0.042642420407999995,-945.3126285932942
6895,71.999890091,0.043093662952,-966.5245335201031
6896,71.999890091,0.043544905496,-987.940683523416
6897,71.999890091,0.043996148039999995,-1009.554656521364
6898,71.999890091,0.044447390584,-1031.360210318882
6899,71.999890091,0.044898633128,-1053.3512769035658
6900,73.050983377,0.000225621272,-2433.945470225836
6901,73.050983377,0.000676863816,-2311.6981402362835
6902,73.050983377,0.00112810636,-2196.565695153609
6903,73.050983377,0.001579348904,-2087.0710916349726
6904,73.050983377,0.002030591448,-1982.9053155695433
6905,73.050983377,0.0024818339919999996,-1883.8352091320053
6906,73.050983377,0.0029330765359999998,-1789.6348755520162
6907,73.050983377,0.0033843190799999995,-1700.0840446713532
6908,73.050983377,0.0038355616239999996,-1614.970599009135
6909,73.050983377,0.004286804168,-1534.0920711067913
6910,73.050983377,0.004738046712,-1457.2561841413885
6911,73.050983377,0.0051892892559999996,-1384.280835870756
6912,73.050983377,0.0056405318,-1314.993791034194
6913,73.050983377,0.006091774344,-1249.2322319203163
6914,73.050983377,0.0065430168879999995,-1186.8422488532292
6915,73.050983377,0.006994259432,-1127.6783148880677
6916,73.050983377,0.007445501976,-1071.60276845833
6917,73.050983377,0.007896744519999999,-1018.4853163716466
6918,73.050983377,0.008347987064,-968.2025631832719
6919,73.050983377,0.008799229607999998,-920.6375693873462
6920,73.050983377,0.009250472151999999,-875.6794388566134
6921,73.050983377,0.009701714695999999,-833.222934818652
6922,73.050983377,0.010152957239999998,-793.1681230752745
6923,73.050983377,0.010604199783999999,-755.4200408580546
6924,73.050983377,0.011055442327999999,-719.8883896144887
6925,73.050983377,0.011506684871999998,-686.4872500008528
6926,73.050983377,0.011957927415999998,-655.1348174076695
6927,73.050983377,0.012409169959999999,-625.7531564372068
6928,73.050983377,0.012860412503999998,-598.2679728392576
6929,73.050983377,0.013311655047999998,-572.6084015251208
6930,73.050983377,0.013762897591999999,-548.706809388492
6931,73.050983377,0.014214140135999998,-526.4986117482918
6932,73.050983377,0.014665382679999998,-505.92210134842
6933,73.050983377,0.015116625223999999,-486.91828891850554
6934,73.050983377,0.015567867767999998,-469.43075439734247
6935,73.050983377,0.016019110312,-453.4055079933293
6936,73.050983377,0.016470352856,-438.7908603219994
6937,73.050983377,0.0169215954,-425.5373009353945
6938,73.050983377,0.017372837944,-413.59738460657667
6939,73.050983377,0.017824080488,-402.92562479290723
6940,73.050983377,0.018275323032,-393.4783937474864
6941,73.050983377,0.018726565576,-385.21382879175985
6942,73.050983377,0.01917780812,-378.09174430643816
6943,73.050983377,0.019629050664,-372.07354902735716
6944,73.050983377,0.020080293207999998,-367.1221682759843
6945,73.050983377,0.020531535752,-363.2019707730995
6946,73.050983377,0.020982778296,-360.2786997236365
6947,73.050983377,0.021434020839999998,-358.3194078763624
6948,73.050983377,0.021885263384,-357.29239628880845
6949,73.050983377,0.022336505928,-357.16715655081384
6950,73.050983377,0.022787748471999998,-357.9143162350766
6951,73.050983377,0.023238991016,-359.5055873637258
6952,73.050983377,0.02369023356,-361.91371769323615
6953,73.050983377,0.024141476103999998,-365.1124446385637
6954,73.050983377,0.024592718648,-369.07645166544927
6955,73.050983377,0.025043961192,-373.7813269979719
6956,73.050983377,0.025495203735999998,-379.2035244938251
6957,73.050983377,0.02594644628,-385.3203265572429
6958,73.050983377,0.026397688824,-392.10980895939207
6959,73.050983377,0.026848931367999998,-399.5508074559176
6960,73.050983377,0.027300173912,-407.6228860910206
6961,73.050983377,0.027751416456,-416.30630708610596
6962,73.050983377,0.028202658999999998,-425.58200222519446
6963,73.050983377,0.028653901544,-435.4315456440001
6964,73.050983377,0.029105144088,-445.83712794074023
6965,73.050983377,0.029556386631999998,-456.7815315471509
6966,73.050983377,0.030007629176,-468.24810725986896
6967,73.050983377,0.03045887172,-480.2207519016236
6968,73.050983377,0.030910114263999998,-492.68388701860954
6969,73.050983377,0.031361356808,-505.6224385772674
6970,73.050983377,0.031812599351999996,-519.0218175977122
6971,73.050983377,0.032263841896,-532.867901668807
6972,73.050983377,0.03271508444,-547.1470173095134
6973,73.050983377,0.033166326983999996,-561.8459231196292
6974,73.050983377,0.033617569528,-576.951793685068
6975,73.050983377,0.034068812072,-592.4522041898132
6976,73.050983377,0.034520054615999995,-608.3351157217169
6977,73.050983377,0.03497129716,-624.5888611909604
6978,73.050983377,0.035422539704,-641.2021318813561
6979,73.050983377,0.035873782247999995,-658.1639645668317
6980,73.050983377,0.036325024792,-675.4637291804544
6981,73.050983377,0.036776267336,-693.0911170056488
6982,73.050983377,0.037227509879999995,-711.0361293521617
6983,73.050983377,0.037678752424,-729.2890667195079
6984,73.050983377,0.038129994968,-747.8405183937432
6985,73.050983377,0.038581237511999995,-766.6813524761633
6986,73.050983377,0.039032480056,-785.8027063269321
6987,73.050983377,0.0394837226,-805.1959773751593
6988,73.050983377,0.039934965143999995,-824.8528143115009
6989,73.050983377,0.040386207688,-844.7651086315382
6990,73.050983377,0.040837450232,-864.924986508306
6991,73.050983377,0.041288692775999995,-885.3248009911354
6992,73.050983377,0.04173993532,-905.9571244938993
6993,73.050983377,0.042191177864,-926.8147415977578
6994,73.050983377,0.042642420407999995,-947.8906421104361
6995,73.050983377,0.043093662952,-969.1780143919809
6996,73.050983377,0.043544905496,-990.6702389545283
6997,73.050983377,0.043996148039999995,-1012.3608822840573
6998,73.050983377,0.044447390584,-1034.2436908954303
6999,73.050983377,0.044898633128,-1056.3125856119702
7000,74.10207666299999,0.000225621272,-2433.9113824963542
7001,74.10207666299999,0.000676863816,-2311.6000316180953
7002,74.10207666299999,0.00112810636,-2196.444705529898
7003,74.10207666299999,0.001579348904,-2086.9330845019153
7004,74.10207666299999,0.002030591448,-1982.7503841138946
7005,74.10207666299999,0.0024818339919999996,-1883.6627346754885
7006,74.10207666299999,0.0029330765359999998,-1789.4444106203505
7007,74.10207666299999,0.0033843190799999995,-1699.875439817469
7008,74.10207666299999,0.0038355616239999996,-1614.7439797798252
7009,74.10207666299999,0.004286804168,-1533.847791398893
7010,74.10207666299999,0.004738046712,-1456.9947831831932
7011,74.10207666299999,0.0051892892559999996,-1384.003003340358
7012,74.10207666299999,0.0056405318,-1314.7003396212856
7013,74.10207666299999,0.006091774344,-1248.9240757620253
7014,74.10207666299999,0.0065430168879999995,-1186.5203864189566
7015,74.10207666299999,0.006994259432,-1127.3438152130027
7016,74.10207666299999,0.007445501976,-1071.2567599088375
7017,74.10207666299999,0.007896744519999999,-1018.1289773512055
7018,74.10207666299999,0.008347987064,-967.837114345284
7019,74.10207666299999,0.008799229607999998,-920.2642670350526
7020,74.10207666299999,0.009250472151999999,-875.2995692938562
7021,74.10207666299999,0.009701714695999999,-832.8378094679367
7022,74.10207666299999,0.010152957239999998,-792.7790742305459
7023,74.10207666299999,0.010604199783999999,-755.028417960946
7024,74.10207666299999,0.011055442327999999,-719.4955559718264
7025,74.10207666299999,0.011506684871999998,-686.0945798764064
7026,74.10207666299999,0.011957927415999998,-654.7436934345428
7027,74.10207666299999,0.012409169959999999,-625.3649673042819
7028,74.10207666299999,0.012860412503999998,-597.8841112195829
7029,74.10207666299999,0.013311655047999998,-572.2302622152425
7030,74.10207666299999,0.013762897591999999,-548.3357876268224
7031,74.10207666299999,0.014214140135999998,-526.136101704765
7032,74.10207666299999,0.014665382679999998,-505.56949475129005
7033,74.10207666299999,0.015116625223999999,-486.5769738158679
7034,74.10207666299999,0.015567867767999998,-469.10211403297
7035,74.10207666299999,0.016019110312,-453.09091978641965
7036,74.10207666299999,0.016470352856,-438.4916949413475
7037,74.10207666299999,0.0169215954,-425.2549214593172
7038,74.10207666299999,0.017372837944,-413.3331457584895
7039,74.10207666299999,0.017824080488,-402.6808722486403
7040,74.10207666299999,0.018275323032,-393.25446350589
7041,74.10207666299999,0.018726565576,-385.01204660461565
7042,74.10207666299999,0.01917780812,-377.91342515995984
7043,74.10207666299999,0.019629050664,-371.9199966753951
7044,74.10207666299999,0.020080293207999998,-366.99467481575795
7045,74.10207666299999,0.020531535752,-363.10181626469983
7046,74.10207666299999,0.020982778296,-360.20715184603444
7047,74.10207666299999,0.021434020839999998,-358.2777216191269
7048,74.10207666299999,0.021885263384,-357.2818136766635
7049,74.10207666299999,0.022336505928,-357.1889063979541
7050,74.10207666299999,0.022787748471999998,-357.9696139274463
7051,74.10207666299999,0.023238991016,-359.595634666885
7052,74.10207666299999,0.02369023356,-362.0397025844789
7053,74.10207666299999,0.024141476103999998,-365.27554116060753
7054,74.10207666299999,0.024592718648,-369.27781980135006
7055,74.10207666299999,0.025043961192,-374.02211256504
7056,74.10207666299999,0.025495203735999998,-379.4848590550759
7057,74.10207666299999,0.02594644628,-385.64332734887773
7058,74.10207666299999,0.026397688824,-392.4755788353808
7059,74.10207666299999,0.026848931367999998,-399.9604348457579
7060,74.10207666299999,0.027300173912,-408.0774449695431
7061,74.10207666299999,0.027751416456,-416.80685695906305
7062,74.10207666299999,0.028202658999999998,-426.1295881235757
7063,74.10207666299999,0.028653901544,-436.02719812958225
7064,74.10207666299999,0.029105144088,-446.4818631231139
7065,74.10207666299999,0.029556386631999998,-457.4763511088518
7066,74.10207666299999,0.030007629176,-468.9939984904984
7067,74.10207666299999,0.03045887172,-481.01868774029197
7068,74.10207666299999,0.030910114263999998,-493.5348261049218
7069,74.10207666299999,0.031361356808,-506.5273253068438
7070,74.10207666299999,0.031812599351999996,-519.9815821860502
7071,74.10207666299999,0.032263841896,-533.883460223434
7072,74.10207666299999,0.03271508444,-548.2192719017512
7073,74.10207666299999,0.033166326983999996,-562.9757618693252
7074,74.10207666299999,0.033617569528,-578.1400908421874
7075,74.10207666299999,0.034068812072,-593.6998202309003
7076,74.10207666299999,0.034520054615999995,-609.6428974362175
7077,74.10207666299999,0.03497129716,-625.957641785545
7078,74.10207666299999,0.035422539704,-642.6327310804179
7079,74.10207666299999,0.035873782247999995,-659.6571887179214
7080,74.10207666299999,0.036325024792,-677.0203713659296
7081,74.10207666299999,0.036776267336,-694.7119571456353
7082,74.10207666299999,0.037227509879999995,-712.7219343296716
7083,74.10207666299999,0.037678752424,-731.0405904870188
7084,74.10207666299999,0.038129994968,-749.6585020957714
7085,74.10207666299999,0.038581237511999995,-768.5665245746768
7086,74.10207666299999,0.039032480056,-787.7557827127409
7087,74.10207666299999,0.0394837226,-807.2176614981092
7088,74.10207666299999,0.039934965143999995,-826.943797313703
7089,74.10207666299999,0.040386207688,-846.9260694608702
7090,74.10207666299999,0.040837450232,-867.1565920524213
7091,74.10207666299999,0.041288692775999995,-887.6277062007352
7092,74.10207666299999,0.04173993532,-908.3319725263298
7093,74.10207666299999,0.042191177864,-929.2621639309752
7094,74.10207666299999,0.042642420407999995,-950.4112586852575
7095,74.10207666299999,0.043093662952,-971.7724337382176
7096,74.10207666299999,0.043544905496,-993.339058329565
7097,74.10207666299999,0.043996148039999995,-1015.1046877964222
7098,74.10207666299999,0.044447390584,-1037.0630576387
7099,74.10207666299999,0.044898633128,-1059.2080778082636
7100,75.153169949,0.000225621272,-2433.878268665596
7101,75.153169949,0.000676863816,-2311.503200906428
7102,75.153169949,0.00112810636,-2196.3253357348985
7103,75.153169949,0.001579348904,-2086.797262038386
7104,75.153169949,0.002030591448,-1982.5982823389318
7105,75.153169949,0.0024818339919999996,-1883.4937553368466
7106,75.153169949,0.0029330765359999998,-1789.258101655941
7107,75.153169949,0.0033843190799999995,-1699.6716354450975
7108,75.153169949,0.0038355616239999996,-1614.522782954883
7109,75.153169949,0.004286804168,-1533.6095296656
7110,75.153169949,0.004738046712,-1456.7399669101353
7111,75.153169949,0.0051892892559999996,-1383.7322915267982
7112,75.153169949,0.0056405318,-1314.4145128794873
7113,75.153169949,0.006091774344,-1248.6240150341177
7114,75.153169949,0.0065430168879999995,-1186.2070560689485
7115,75.153169949,0.006994259432,-1127.0182494183537
7116,75.153169949,0.007445501976,-1070.9200515584396
7117,75.153169949,0.007896744519999999,-1017.7822688648125
7118,75.153169949,0.008347987064,-967.4815899842326
7119,75.153169949,0.008799229607999998,-919.9011463901118
7120,75.153169949,0.009250472151999999,-874.9301017132591
7121,75.153169949,0.009701714695999999,-832.4632692493569
7122,75.153169949,0.010152957239999998,-792.4007564365131
7123,75.153169949,0.010604199783999999,-754.6476347544815
7124,75.153169949,0.011055442327999999,-719.113633387989
7125,75.153169949,0.011506684871999998,-685.7128549621616
7126,75.153169949,0.011957927415999998,-654.3635117066763
7127,75.153169949,0.012409169959999999,-624.9876804766989
7128,75.153169949,0.012860412503999998,-597.5110751691457
7129,75.153169949,0.013311655047999998,-571.8628351524555
7130,75.153169949,0.013762897591999999,-547.9753284500339
7131,75.153169949,0.014214140135999998,-525.7839685118918
7132,75.153169949,0.014665382679999998,-505.22704349625013
7133,75.153169949,0.015116625223999999,-486.2455570929001
7134,75.153169949,0.015567867767999998,-468.7830799720487
7135,75.153169949,0.016019110312,-452.7856110523142
7136,75.153169949,0.016470352856,-438.2014478254047
7137,75.153169949,0.0169215954,-424.9810650535052
7138,75.153169949,0.017372837944,-413.0770012058873
7139,75.153169949,0.017824080488,-402.44375206198265
7140,75.153169949,0.018275323032,-393.0376709500604
7141,75.153169949,0.018726565576,-384.8168751339999
7142,75.153169949,0.01917780812,-377.74115791124177
7143,75.153169949,0.019629050664,-371.7719060050966
7144,75.153169949,0.020080293207999998,-366.8720218845287
7145,75.153169949,0.020531535752,-363.00585066008694
7146,75.153169949,0.020982778296,-360.1391112446176
7147,75.153169949,0.021434020839999998,-358.2388314804866
7148,75.153169949,0.021885263384,-357.2732869716529
7149,75.153169949,0.022336505928,-357.2119433645863
7150,75.153169949,0.022787748471999998,-358.0254018548304
7151,75.153169949,0.023238991016,-359.6853477040742
7152,75.153169949,0.02369023356,-362.16450157257435
7153,75.153169949,0.024141476103999998,-365.4365734866456
7154,75.153169949,0.024592718648,-369.4762192724804
7155,75.153169949,0.025043961192,-374.2589993002818
7156,75.153169949,0.025495203735999998,-379.7613393966285
7157,75.153169949,0.02594644628,-385.9604937876819
7158,75.153169949,0.026397688824,-392.8345099523846
7159,75.153169949,0.026848931367999998,-400.36219526584904
7160,75.153169949,0.027300173912,-408.5230853328088
7161,75.153169949,0.027751416456,-417.2974138990592
7162,75.153169949,0.028202658999999998,-426.6660842580747
7163,75.153169949,0.028653901544,-436.6106420653206
7164,75.153169949,0.029105144088,-447.1132494690567
7165,75.153169949,0.029556386631999998,-458.15666049305497
7166,75.153169949,0.030007629176,-469.7241975933854
7167,75.153169949,0.03045887172,-481.79972933206506
7168,75.153169949,0.030910114263999998,-494.36764908991944
7169,75.153169949,0.031361356808,-507.412854777861
7170,75.153169949,0.031812599351999996,-520.9207294816811
7171,75.153169949,0.032263841896,-534.8771229927611
7172,75.153169949,0.03271508444,-549.2683341763768
7173,75.153169949,0.033166326983999996,-564.0810941361358
7174,75.153169949,0.033617569528,-579.3025501263172
7175,75.153169949,0.034068812072,-594.9202501814195
7176,75.153169949,0.034520054615999995,-610.9221284101893
7177,75.153169949,0.03497129716,-627.2964909490195
7178,75.153169949,0.035422539704,-644.0320024983139
7179,75.153169949,0.035873782247999995,-661.1176734579255
7180,75.153169949,0.036325024792,-678.54284759818
7181,75.153169949,0.036776267336,-696.2971902497247
7182,75.153169949,0.037227509879999995,-714.3706770046942
7183,75.153169949,0.037678752424,-732.7535828617321
7184,75.153169949,0.038129994968,-751.4364718432148
7185,75.153169949,0.038581237511999995,-770.4101870197701
7186,75.153169949,0.039032480056,-789.6658409591113
7187,75.153169949,0.0394837226,-809.194806540349
7188,75.153169949,0.039934965143999995,-828.9887081538359
7189,75.153169949,0.040386207688,-849.0394132396011
7190,75.153169949,0.040837450232,-869.3390241649622
7191,75.153169949,0.041288692775999995,-889.8798704225135
7192,75.153169949,0.04173993532,-910.6545011327416
7193,75.153169949,0.042191177864,-931.6556778282159
7194,75.153169949,0.042642420407999995,-952.8763675299488
7195,75.153169949,0.043093662952,-974.3097360746203
7196,75.153169949,0.043544905496,-995.9491417026004
7197,75.153169949,0.043996148039999995,-1017.7881288833435
7198,75.153169949,0.044447390584,-1039.820422389323
7199,75.153169949,0.044898633128,-1062.0399215465493
7200,76.204263235,0.000225621272,-2433.8461002668546
7201,76.204263235,0.000676863816,-2311.4076123984178
7202,76.204263235,0.00112810636,-2196.207522676496
7203,76.204263235,0.001579348904,-2086.663530661297
7204,76.204263235,0.002030591448,-1982.4488867854434
7205,76.204263235,0.0024818339919999996,-1883.3281188859314
7206,76.204263235,0.0029330765359999998,-1789.0757688062197
7207,76.204263235,0.0033843190799999995,-1699.4724252307867
7208,76.204263235,0.0038355616239999996,-1614.3067769031813
7209,76.204263235,0.004286804168,-1533.3770301599284
7210,76.204263235,0.004738046712,-1456.4914566808343
7211,76.204263235,0.0051892892559999996,-1383.4684001505693
7212,76.204263235,0.0056405318,-1314.1359901806918
7213,76.204263235,0.006091774344,-1248.3317100809236
7214,76.204263235,0.0065430168879999995,-1185.9019004656814
7215,76.204263235,0.006994259432,-1126.7012438552092
7216,76.204263235,0.007445501976,-1070.5922548377075
7217,76.204263235,0.007896744519999999,-1017.444788827717
7218,76.204263235,0.008347987064,-967.1355759173698
7219,76.204263235,0.008799229607999998,-919.547782597436
7220,76.204263235,0.009250472151999999,-874.5706020208647
7221,76.204263235,0.009701714695999999,-832.0988722642128
7222,76.204263235,0.010152957239999998,-792.0327214240317
7223,76.204263235,0.010604199783999999,-754.2772380318415
7224,76.204263235,0.011055442327999999,-718.7421651455811
7225,76.204263235,0.011506684871999998,-685.3416164525643
7226,76.204263235,0.011957927415999998,-653.9938127422736
7227,76.204263235,0.012409169959999999,-624.6208371986181
7228,76.204263235,0.012860412503999998,-597.148408048145
7229,76.204263235,0.013311655047999998,-571.505667191831
7230,76.204263235,0.013762897591999999,-547.6249835696266
7231,76.204263235,0.014214140135999998,-525.4417700866597
7232,76.204263235,0.014665382679999998,-504.894313039002
7233,76.204263235,0.015116625223999999,-485.92361305762944
7234,76.204263235,0.015567867767999998,-468.4732366713592
7235,76.204263235,0.016019110312,-452.48917767486563
7236,76.204263235,0.016470352856,-437.91972754430196
7237,76.204263235,0.0169215954,-424.7153542131005
7238,76.204263235,0.017372837944,-412.82858858818855
7239,76.204263235,0.017824080488,-402.2139182154444
7240,76.204263235,0.018275323032,-392.8276875822499
7241,76.204263235,0.018726565576,-384.62800455992937
7242,76.204263235,0.01917780812,-377.5746525520612
7243,76.204263235,0.019629050664,-371.6290079347556
7244,76.204263235,0.020080293207999998,-366.75396241872176
7245,76.204263235,0.020531535752,-362.9138499851721
7246,76.204263235,0.020982778296,-360.0743780828238
7247,76.204263235,0.021434020839999998,-358.2025627892629
7248,76.204263235,0.021885263384,-357.26666767303607
7249,76.204263235,0.022336505928,-357.2361461045952
7250,76.204263235,0.022787748471999998,-358.081586788153
7251,76.204263235,0.023238991016,-359.7746623040002
7252,76.204263235,0.02369023356,-362.28808046370347
7253,76.204263235,0.024141476103999998,-365.59553829891905
7254,76.204263235,0.024592718648,-369.6716785138339
7255,76.204263235,0.025043961192,-374.49204824929103
7256,76.204263235,0.025495203735999998,-380.03306001075885
7257,76.204263235,0.02594644628,-386.2719546267968
7258,76.204263235,0.026397688824,-393.1867661195188
7259,76.204263235,0.026848931367999998,-400.756288359199
7260,76.204263235,0.027300173912,-408.9600434113941
7261,76.204263235,0.027751416456,-417.77825145957786
7262,76.204263235,0.028202658999999998,-427.19180222575073
7263,76.204263235,0.028653901544,-437.1822277896344
7264,76.204263235,0.029105144088,-447.731676734686
7265,76.204263235,0.029556386631999998,-458.8228895352923
7266,76.204263235,0.030007629176,-470.43917512789073
7267,76.204263235,0.03045887172,-482.5643885846761
7268,76.204263235,0.030910114263999998,-495.1829098402178
7269,76.204263235,0.031361356808,-508.2796234048091
7270,76.204263235,0.031812599351999996,-521.8398990179192
7271,76.204263235,0.032263841896,-535.8495731888348
7272,76.204263235,0.03271508444,-550.2949315632917
7273,76.204263235,0.033166326983999996,-565.1626920940164
7274,76.204263235,0.033617569528,-580.4399889636676
7275,76.204263235,0.034068812072,-596.1143572144732
7276,76.204263235,0.034520054615999995,-612.1737180454729
7277,76.204263235,0.03497129716,-628.6063647675408
7278,76.204263235,0.035422539704,-645.400949357879
7279,76.204263235,0.035873782247999995,-662.5464695786037
7280,76.204263235,0.036325024792,-680.032256663666
7281,76.204263235,0.036776267336,-697.8479635054562
7282,76.204263235,0.037227509879999995,-715.9835533644148
7283,76.204263235,0.037678752424,-734.4292890088094
7284,76.204263235,0.038129994968,-753.1757223397503
7285,76.204263235,0.038581237511999995,-772.2136844227063
7286,76.204263235,0.039032480056,-791.5342759220217
7287,76.204263235,0.0394837226,-811.1288579265408
7288,76.204263235,0.039934965143999995,-830.9890431601071
7289,76.204263235,0.040386207688,-851.1066875066715
7290,76.204263235,0.040837450232,-871.4738818934634
7291,76.204263235,0.041288692775999995,-892.0829444913269
7292,76.204263235,0.04173993532,-912.9264132196654
7293,76.204263235,0.042191177864,-933.9970385288752
7294,76.204263235,0.042642420407999995,-955.2877764808117
7295,76.204263235,0.043093662952,-976.7917820694674
7296,76.204263235,0.043544905496,-998.5024028185485
7297,76.204263235,0.043996148039999995,-1020.4131726045753
7298,76.204263235,0.044447390584,-1042.517805715768
7299,76.204263235,0.044898633128,-1064.8101911385088
7300,77.255356521,0.000225621272,-2433.8148498710875
7301,77.255356521,0.000676863816,-2311.313232382401
7302,77.255356521,0.00112810636,-2196.0912069813835
7303,77.255356521,0.001579348904,-2086.5318021611756
7304,77.255356521,0.002030591448,-1982.302080944685
7305,77.255356521,0.0024818339919999996,-1883.1656815594556
7306,77.255356521,0.0029330765359999998,-1788.8972421480785
7307,77.255356521,0.0033843190799999995,-1699.27761418663
7308,77.255356521,0.0038355616239999996,-1614.0957426800298
7309,77.255356521,0.004286804168,-1533.1500511104673
7310,77.255356521,0.004738046712,-1456.2489890573922
7311,77.255356521,0.0051892892559999996,-1383.2110452990141
7312,77.255356521,0.0056405318,-1313.864468360335
7313,77.255356521,0.006091774344,-1248.0468397371858
7314,77.255356521,0.0065430168879999995,-1185.6045817205586
7315,77.255356521,0.006994259432,-1126.3924452111287
7316,77.255356521,0.007445501976,-1070.2730023268778
7317,77.255356521,0.007896744519999999,-1017.1161570451955
7318,77.255356521,0.008347987064,-966.798680519842
7319,77.255356521,0.008799229607999998,-919.20377395504
7320,77.255356521,0.009250472151999999,-874.2206597953223
7321,77.255356521,0.009701714695999999,-831.7442007326318
7322,77.255356521,0.010152957239999998,-791.6745454166838
7323,77.255356521,0.010604199783999999,-753.9167993785827
7324,77.255356521,0.011055442327999999,-718.3807195477973
7325,77.255356521,0.011506684871999998,-684.980430715887
7326,77.255356521,0.011957927415999998,-653.6341623169012
7327,77.255356521,0.012409169959999999,-624.2640039850971
7328,77.255356521,0.012860412503999998,-596.7956784310313
7329,77.255356521,0.013311655047999998,-571.1583302766899
7330,77.255356521,0.013762897591999999,-547.2843295926791
7331,77.255356521,0.014214140135999998,-525.1090889827128
7332,77.255356521,0.014665382679999998,-504.5708931436397
7333,77.255356521,0.015116625223999999,-485.6107399351337
7334,77.255356521,0.015567867767999998,-468.1721920505552
7335,77.255356521,0.016019110312,-452.20123848455574
7336,77.255356521,0.016470352856,-437.6461650347792
7337,77.255356521,0.0169215954,-424.45743316264554
7338,77.255356521,0.017372837944,-412.5875665769398
7339,77.255356521,0.017824080488,-401.9910449686697
7340,77.255356521,0.018275323032,-392.62420437222346
7341,77.255356521,0.018726565576,-384.4451436630418
7342,77.255356521,0.01917780812,-377.4136367563019
7343,77.255356521,0.019629050664,-371.4910500922606
7344,77.255356521,0.020080293207999998,-366.6402650414424
7345,77.255356521,0.020531535752,-362.8256048786583
7346,77.255356521,0.020982778296,-360.0127660156533
7347,77.255356521,0.021434020839999998,-358.1687531958945
7348,77.255356521,0.021885263384,-357.2618183865745
7349,77.255356521,0.022336505928,-357.2614031173845
7350,77.255356521,0.022787748471999998,-358.13808403898025
7351,77.255356521,0.023238991016,-359.86352148887926
7352,77.255356521,0.02369023356,-362.4104108690766
7353,77.255356521,0.024141476103999998,-365.75243665497845
7354,77.255356521,0.024592718648,-369.8642288685799
7355,77.255356521,0.025043961192,-374.7213218585737
7356,77.255356521,0.025495203735999998,-380.3001152457675
7357,77.255356521,0.02594644628,-386.57783689792524
7358,77.255356521,0.026397688824,-393.53250781160983
7359,77.255356521,0.026848931367999998,-401.14290878497906
7360,77.255356521,0.027300173912,-409.3885487719359
7361,77.255356521,0.027751416456,-418.249634821521
7362,77.255356521,0.028202658999999998,-427.7070435042876
7363,77.255356521,0.028653901544,-437.7422937465913
7364,77.255356521,0.029105144088,-448.33752098264995
7365,77.255356521,0.029556386631999998,-459.47545255141597
7366,77.255356521,0.030007629176,-471.1393842771889
7367,77.255356521,0.03045887172,-483.3131581468307
7368,77.255356521,0.030910114263999998,-495.98114105136966
7369,77.255356521,0.031361356808,-509.12820449832924
7370,77.255356521,0.031812599351999996,-522.739705274062
7371,77.255356521,0.032263841896,-536.8014669913262
7372,77.255356521,0.03271508444,-551.2997624597451
7373,77.255356521,0.033166326983999996,-566.2212968643721
7374,77.255356521,0.033617569528,-581.5531916867569
7375,77.255356521,0.034068812072,-597.2829693465137
7376,77.255356521,0.034520054615999995,-613.3985384995693
7377,77.255356521,0.03497129716,-629.8881799965479
7378,77.255356521,0.035422539704,-646.7405334367845
7379,77.255356521,0.035873782247999995,-663.9445843013815
7380,77.255356521,0.036325024792,-681.4896516284596
7381,77.255356521,0.036776267336,-699.3653762184637
7382,77.255356521,0.037227509879999995,-717.5617093288299
7383,77.255356521,0.037678752424,-736.0689018327635
7384,77.255356521,0.038129994968,-754.877493834957
7385,77.255356521,0.038581237511999995,-773.9783047122899
7386,77.255356521,0.039032480056,-793.3624235394136
7387,77.255356521,0.0394837226,-813.0211999360624
7388,77.255356521,0.039934965143999995,-832.946235254159
7389,77.255356521,0.040386207688,-853.1293741213916
7390,77.255356521,0.040837450232,-873.5626963210741
7391,77.255356521,0.041288692775999995,-894.2385089990598
7392,77.255356521,0.04173993532,-915.1493391505992
7393,77.255356521,0.042191177864,-936.2879264322962
7394,77.255356521,0.042642420407999995,-957.6472162098885
7395,77.255356521,0.043093662952,-979.2203529139682
7396,77.255356521,0.043544905496,-1001.0006736160028
7397,77.255356521,0.043996148039999995,-1022.981701852341
7398,77.255356521,0.044447390584,-1045.1571416964562
7399,77.255356521,0.044898633128,-1067.5208720366877
7400,78.30644980699999,0.000225621272,-2433.784491035315
7401,78.30644980699999,0.000676863816,-2311.220028992483
7402,78.30644980699999,0.00112810636,-2195.9763327343867
7403,78.30644980699999,0.001579348904,-2086.4019933338272
7404,78.30644980699999,0.002030591448,-1982.1577547870688
7405,78.30644980699999,0.0024818339919999996,-1883.0063074901473
7406,78.30644980699999,0.0029330765359999998,-1788.7223610180727
7407,78.30644980699999,0.0033843190799999995,-1699.0870178974483
7408,78.30644980699999,0.0038355616239999996,-1613.8894731726546
7409,78.30644980699999,0.004286804168,-1532.9283637813544
7410,78.30644980699999,0.004738046712,-1456.0123147832294
7411,78.30644980699999,0.0051892892559999996,-1382.9599583265929
7412,78.30644980699999,0.0056405318,-1313.5996605439102
7413,78.30644980699999,0.006091774344,-1247.7691000862628
7414,78.30644980699999,0.0065430168879999995,-1185.3147800868778
7415,78.30644980699999,0.006994259432,-1126.091519140697
7416,78.30644980699999,0.007445501976,-1069.9619463323081
7417,78.30644980699999,0.007896744519999999,-1016.7960137405553
7418,78.30644980699999,0.008347987064,-966.4705332064955
7419,78.30644980699999,0.008799229607999998,-918.8687403534002
7420,78.30644980699999,0.009250472151999999,-873.8798866915772
7421,78.30644980699999,0.009701714695999999,-831.3988593657147
7422,78.30644980699999,0.010152957239999998,-791.3258274742626
7423,78.30644980699999,0.010604199783999999,-753.5659134940428
7424,78.30644980699999,0.011055442327999999,-718.028888220118
7425,78.30644980699999,0.011506684871999998,-684.6288875858868
7426,78.30644980699999,0.011957927415999998,-653.2841497466063
7427,78.30644980699999,0.012409169959999999,-623.9167708985492
7428,78.30644980699999,0.012860412503999998,-596.4524783842071
7429,78.30644980699999,0.013311655047999998,-570.8204197202879
7430,78.30644980699999,0.013762897591999999,-546.9529663126316
7431,78.30644980699999,0.014214140135999998,-524.7855306897252
7432,78.30644980699999,0.014665382679999998,-504.2563962026535
7433,78.30644980699999,0.015116625223999999,-485.3065582093131
7434,78.30644980699999,0.015567867767999998,-467.8795758582607
7435,78.30644980699999,0.016019110312,-451.92143365031296
7436,78.30644980699999,0.016470352856,-437.38041202910193
7437,78.30644980699999,0.0169215954,-424.20696631848676
7438,78.30644980699999,0.017372837944,-412.3536133786369
7439,78.30644980699999,0.017824080488,-401.7748254050218
7440,78.30644980699999,0.018275323032,-392.42693034875816
7441,78.30644980699999,0.018726565576,-384.2680184680651
7442,78.30644980699999,0.01917780812,-377.25785457478423
7443,78.30644980699999,0.019629050664,-371.3577955671012
7444,78.30644980699999,0.020080293207999998,-366.53071287352174
7445,78.30644980699999,0.020531535752,-362.7409194658674
7446,78.30644980699999,0.020982778296,-359.95410112762397
7447,78.30644980699999,0.021434020839999998,-358.13725167898616
7448,78.30644980699999,0.021885263384,-357.25861190018765
7449,78.30644980699999,0.022336505928,-357.28761189696615
7450,78.30644980699999,0.022787748471999998,-358.1948166846112
7451,78.30644980699999,0.023238991016,-359.9518747770729
7452,78.30644980699999,0.02369023356,-362.53146958685204
7453,78.30644980699999,0.024141476103999998,-365.9072734538917
7454,78.30644980699999,0.024592718648,-370.0539041368859
7455,78.30644980699999,0.025043961192,-374.94688361246006
7456,78.30644980699999,0.025495203735999998,-380.5625990352699
7457,78.30644980699999,0.02594644628,-386.87826572752954
7458,78.30644980699999,0.026397688824,-393.87189207821035
7459,78.30644980699999,0.026848931367999998,-401.5222462236995
7460,78.30644980699999,0.027300173912,-409.80882441986665
7461,78.30644980699999,0.027751416456,-418.71182098699234
7462,78.30644980699999,0.028202658999999998,-428.21209975351155
7463,78.30644980699999,0.028653901544,-438.29116689197116
7464,78.30644980699999,0.029105144088,-448.93114508886964
7465,78.30644980699999,0.029556386631999998,-460.11474894324243
7466,78.30644980699999,0.030007629176,-471.8252615593976
7467,78.30644980699999,0.03045887172,-484.04651223161653
7468,78.30644980699999,0.030910114263999998,-496.7628551893269
7469,78.30644980699999,0.031361356808,-509.9591493176827
7470,78.30644980699999,0.031812599351999996,-523.6207388304722
7471,78.30644980699999,0.032263841896,-537.7334348153076
7472,78.30644980699999,0.03271508444,-552.2834976162735
7473,78.30644980699999,0.033166326983999996,-567.2576200127016
7474,78.30644980699999,0.033617569528,-582.642911147992
7475,78.30644980699999,0.034068812072,-598.4268811759371
7476,78.30644980699999,0.034520054615999995,-614.5974265571376
7477,78.30644980699999,0.03497129716,-631.1428160283472
7478,78.30644980699999,0.035422539704,-648.0516771579619
7479,78.30644980699999,0.035873782247999995,-665.3129834773739
7480,78.30644980699999,0.036325024792,-682.9160421673198
7481,78.30644980699999,0.036776267336,-700.8504822575447
7482,78.30644980699999,0.037227509879999995,-719.1062433332538
7483,78.30644980699999,0.037678752424,-737.6735646853181
7484,78.30644980699999,0.038129994968,-756.5429749373291
7485,78.30644980699999,0.038581237511999995,-775.7052820841914
7486,78.30644980699999,0.039032480056,-795.151563920602
7487,78.30644980699999,0.0394837226,-814.8731588902524
7488,78.30644980699999,0.039934965143999995,-834.8616572680563
7489,78.30644980699999,0.040386207688,-855.1088927219396
7490,78.30644980699999,0.040837450232,-875.6069341699629
7491,78.30644980699999,0.041288692775999995,-896.3480780096293
7492,78.30644980699999,0.04173993532,-917.324840598246
7493,78.30644980699999,0.042191177864,-938.5299510547526
7494,78.30644980699999,0.042642420407999995,-959.9563443303958
7495,78.30644980699999,0.043093662952,-981.5971545463649
7496,78.30644980699999,0.043544905496,-1003.4457085732422
7497,78.30644980699999,0.043996148039999995,-1025.4955198695668
7498,78.30644980699999,0.044447390584,-1047.7402825357135
7499,78.30644980699999,0.044898633128,-1070.1738655983766
7500,79.35754309299999,0.000225621272,-2433.7549982560436
7501,79.35754309299999,0.000676863816,-2311.1279720749017
7502,79.35754309299999,0.00112810636,-2195.862847240206
7503,79.35754309299999,0.001579348904,-2086.2740256429283
7504,79.35754309299999,0.002030591448,-1982.0158043296337
7505,79.35754309299999,0.0024818339919999996,-1882.849868181423
7506,79.35754309299999,0.0029330765359999998,-1788.5509733994768
7507,79.35754309299999,0.0033843190799999995,-1698.9004618218648
7508,79.35754309299999,0.0038355616239999996,-1613.6877723185085
7509,79.35754309299999,0.004286804168,-1532.7117516120907
7510,79.35754309299999,0.004738046712,-1455.781197847154
7511,79.35754309299999,0.0051892892559999996,-1382.7148848460233
7512,79.35754309299999,0.0056405318,-1313.3412950707161
7513,79.35754309299999,0.006091774344,-1247.4982033212277
7514,79.35754309299999,0.0065430168879999995,-1185.0321927614427
7515,79.35754309299999,0.006994259432,-1125.79814901482
7516,79.35754309299999,0.007445501976,-1069.6587575857902
7517,79.35754309299999,0.007896744519999999,-1016.4840182061375
7518,79.35754309299999,0.008347987064,-966.1507830419382
7519,79.35754309299999,0.008799229607999998,-918.542321848088
7520,79.35754309299999,0.009250472151999999,-873.547914980425
7521,79.35754309299999,0.009701714695999999,-831.0624738773502
7522,79.35754309299999,0.010152957239999998,-790.9861879811997
7523,79.35754309299999,0.010604199783999999,-753.2241966595625
7524,79.35754309299999,0.011055442327999999,-717.6862845644087
7525,79.35754309299999,0.011506684871999998,-684.2865988021917
7526,79.35754309299999,0.011957927415999998,-652.9433863196209
7527,79.35754309299999,0.012409169959999999,-623.5787499813073
7528,79.35754309299999,0.012860412503999998,-596.1184218961562
7529,79.35754309299999,0.013311655047999998,-570.4915526422237
7530,79.35754309299999,0.013762897591999999,-546.630515150747
7531,79.35754309299999,0.014214140135999998,-524.4707220924522
7532,79.35754309299999,0.014665382679999998,-503.950455707578
7533,79.35754309299999,0.015116625223999999,-485.01070911187924
7534,79.35754309299999,0.015567867767999998,-467.59503818388373
7535,79.35754309299999,0.016019110312,-451.6494232221828
7536,79.35754309299999,0.016470352856,-437.122139623297
7537,79.35754309299999,0.0169215954,-423.96363689276205
7538,79.35754309299999,0.017372837944,-412.1264253746269
7539,79.35754309299999,0.017824080488,-401.5649701110123
7540,79.35754309299999,0.018275323032,-392.23559132234817
7541,79.35754309299999,0.018726565576,-384.09637100989727
7542,79.35754309299999,0.01917780812,-377.10706525132997
7543,79.35754309299999,0.019629050664,-371.22902177656147
7544,79.35754309299999,0.020080293207999998,-366.42510245318834
7545,79.35754309299999,0.020531535752,-362.659610336017
7546,79.35754309299999,0.020982778296,-359.8982209688775
7547,79.35754309299999,0.021434020839999998,-358.1079176427818
7548,79.35754309299999,0.021885263384,-357.25693034681694
7549,79.35754309299999,0.022336505928,-357.3146781612446
7550,79.35754309299999,0.022787748471999998,-358.2517148658164
7551,79.35754309299999,0.023238991016,-360.0396775526096
7552,79.35754309299999,0.02369023356,-362.6512380461899
7553,79.35754309299999,0.024141476103999998,-366.06005695345925
7554,79.35754309299999,0.024592718648,-370.2407401723427
7555,79.35754309299999,0.025043961192,-375.1687977082887
7556,79.35754309299999,0.025495203735999998,-380.82060465114716
7557,79.35754309299999,0.02594644628,-387.17336417780865
7558,79.35754309299999,0.026397688824,-394.20507246596515
7559,79.35754309299999,0.026848931367999998,-401.89448538850945
7560,79.35754309299999,0.027300173912,-410.2210868958271
7561,79.35754309299999,0.027751416456,-419.1650589726286
7562,79.35754309299999,0.028202658999999998,-428.70725309303697
7563,79.35754309299999,0.028653901544,-438.82916306384624
7564,79.35754309299999,0.029105144088,-449.5128992079436
7565,79.35754309299999,0.029556386631999998,-460.74116376298423
7566,79.35754309299999,0.030007629176,-472.49722749266004
7567,79.35754309299999,0.03045887172,-484.764907371564
7568,79.35754309299999,0.030910114263999998,-497.52854533669307
7569,79.35754309299999,0.031361356808,-510.77298802169554
7570,79.35754309299999,0.031812599351999996,-524.483567425609
7571,79.35754309299999,0.032263841896,-538.6460824733745
7572,79.35754309299999,0.03271508444,-553.2467813961171
7573,79.35754309299999,0.033166326983999996,-568.2723449208005
7574,79.35754309299999,0.033617569528,-583.7098701982341
7575,79.35754309299999,0.034068812072,-599.5468554555378
7576,79.35754309299999,0.034520054615999995,-615.7711853028811
7577,79.35754309299999,0.03497129716,-632.3711166927931
7578,79.35754309299999,0.035422539704,-649.3352654897665
7579,79.35754309299999,0.035873782247999995,-666.6525936073215
7580,79.35754309299999,0.036325024792,-684.3123966854142
7581,79.35754309299999,0.036776267336,-702.3042922991343
7582,79.35754309299999,0.037227509879999995,-720.6182086700587
7583,79.35754309299999,0.037678752424,-739.2443738190232
7584,79.35754309299999,0.038129994968,-758.1733051894497
7585,79.35754309299999,0.038581237511999995,-777.3957996935876
7586,79.35754309299999,0.039032480056,-796.9029241345447
7587,79.35754309299999,0.0394837226,-816.6860060703075
7588,79.35754309299999,0.039934965143999995,-836.7366249883044
7589,79.35754309299999,0.040386207688,-857.0466038674688
7590,79.35754309299999,0.040837450232,-877.6080010472242
7591,79.35754309299999,0.041288692775999995,-898.4131024407593
7592,79.35754309299999,0.04173993532,-919.4544140241408
7593,79.35754309299999,0.042191177864,-940.7246546596491
7594,79.35754309299999,0.042642420407999995,-962.2167491273076
7595,79.35754309299999,0.043093662952,-983.9238214981979
7596,79.35754309299999,0.043544905496,-1005.83918868518
7597,79.35754309299999,0.043996148039999995,-1027.956354318607
7598,79.35754309299999,0.044447390584,-1050.2690027616952
7599,79.35754309299999,0.044898633128,-1072.7709934184484
7600,80.408636379,0.000225621272,-2433.726346924341
7601,80.408636379,0.000676863816,-2311.0370330664105
7602,80.408636379,0.00112810636,-2195.75070080334
7603,80.408636379,0.001579348904,-2086.1478249091974
7604,80.408636379,0.002030591448,-1981.8761312376498
7605,80.408636379,0.0024818339919999996,-1882.6962420243872
7606,80.408636379,0.0029330765359999998,-1788.3829353561412
7607,80.408636379,0.0033843190799999995,-1698.7177806466377
7608,80.408636379,0.0038355616239999996,-1613.49045438417
7609,80.408636379,0.004286804168,-1532.5000094223487
7610,80.408636379,0.004738046712,-1455.555414619483
7611,80.408636379,0.0051892892559999996,-1382.4755838000278
7612,80.408636379,0.0056405318,-1313.089114502653
7613,80.408636379,0.006091774344,-1247.233876695294
7614,80.408636379,0.0065430168879999995,-1184.7565327804941
7615,80.408636379,0.006994259432,-1125.5120347652162
7616,80.408636379,0.007445501976,-1069.363124040949
7617,80.408636379,0.007896744519999999,-1016.1798475583921
7618,80.408636379,0.008347987064,-965.8390974563249
7619,80.408636379,0.008799229607999998,-918.2241773414478
7620,80.408636379,0.009250472151999999,-873.2243962003439
7621,80.408636379,0.009701714695999999,-830.7346896086217
7622,80.408636379,0.010152957239999998,-790.6552672478372
7623,80.408636379,0.010604199783999999,-752.8912853213553
7624,80.408636379,0.011055442327999999,-717.3525423250478
7625,80.408636379,0.011506684871999998,-683.9531965669626
7626,80.408636379,0.011957927415999998,-652.6115038495884
7627,80.408636379,0.012409169959999999,-623.2495738011137
7628,80.408636379,0.012860412503999998,-595.7931434259831
7629,80.408636379,0.013311655047999998,-570.1713665188291
7630,80.408636379,0.013762897591999999,-546.3166177180649
7631,80.408636379,0.014214140135999998,-524.1643100391702
7632,80.408636379,0.014665382679999998,-503.65272483736055
7633,80.408636379,0.015116625223999999,-484.7228532296946
7634,80.408636379,0.015567867767999998,-467.31824808644
7635,80.408636379,0.016019110312,-451.3848857827564
7636,80.408636379,0.016470352856,-436.87103695761897
7637,80.408636379,0.0169215954,-423.7271456040458
7638,80.408636379,0.017372837944,-411.9057158656318
7639,80.408636379,0.017824080488,-401.361205958378
7640,80.408636379,0.018275323032,-392.04992870699795
7641,80.408636379,0.018726565576,-383.92995820068245
7642,80.408636379,0.01917780812,-376.9610421335811
7643,80.408636379,0.019629050664,-371.1045194263868
7644,80.408636379,0.020080293207999998,-366.3232427485446
7645,80.408636379,0.020531535752,-362.58150560604366
7646,80.408636379,0.020982778296,-359.8449736764481
7647,80.408636379,0.021434020839999998,-358.0806200968302
7648,80.408636379,0.021885263384,-357.2566644441776
7649,80.408636379,0.022336505928,-357.34251515440354
7650,80.408636379,0.022787748471999998,-358.3087151548407
7651,80.408636379,0.023238991016,-360.12689049938905
7652,80.408636379,0.02369023356,-362.76970181011103
7653,80.408636379,0.024141476103999998,-366.21079834600476
7654,80.408636379,0.024592718648,-370.4247745294696
7655,80.408636379,0.025043961192,-375.38712878008454
7656,80.408636379,0.025495203735999998,-381.0742245066306
7657,80.408636379,0.02594644628,-387.4632531236261
7658,80.408636379,0.026397688824,-394.5321989803728
7659,80.408636379,0.026848931367999998,-402.2598060647555
7660,80.408636379,0.027300173912,-410.62554640130486
7661,80.408636379,0.027751416456,-419.6095900151391
7662,80.408636379,0.028202658999999998,-429.19277639921535
7663,80.408636379,0.028653901544,-439.35658736687327
7664,80.408636379,0.029105144088,-450.08312124364096
7665,80.408636379,0.029556386631999998,-461.3550682747308
7666,80.408636379,0.030007629176,-473.15568724535274
7667,80.408636379,0.03045887172,-485.46878316567364
7668,80.408636379,0.030910114263999998,-498.27868604227024
7669,80.408636379,0.031361356808,-511.57023060456766
7670,80.408636379,0.031812599351999996,-525.328736989005
7671,80.408636379,0.032263841896,-539.5399923033161
7672,80.408636379,0.03271508444,-554.1902330053701
7673,80.408636379,0.033166326983999996,-569.2661281095448
7674,80.408636379,0.033617569528,-584.7547631039427
7675,80.408636379,0.034068812072,-600.643624627199
7676,80.408636379,0.034520054615999995,-616.9205857540314
7677,80.408636379,0.03497129716,-633.5738919816836
7678,80.408636379,0.035422539704,-650.5921477879222
7679,80.408636379,0.035873782247999995,-667.9643037765751
7680,80.408636379,0.036325024792,-685.6796443587565
7681,80.408636379,0.036776267336,-703.7277759617405
7682,80.408636379,0.037227509879999995,-722.098615745483
7683,80.408636379,0.037678752424,-740.782380750559
7684,80.408636379,0.038129994968,-759.769577536001
7685,80.408636379,0.038581237511999995,-779.0509922169983
7686,80.408636379,0.039032480056,-798.6176808929721
7687,80.408636379,0.0394837226,-818.4609605101238
7688,80.408636379,0.039934965143999995,-838.5724000444152
7689,80.408636379,0.040386207688,-858.9438120576131
7690,80.408636379,0.040837450232,-879.5672445715754
7691,80.408636379,0.041288692775999995,-900.4349732770311
7692,80.408636379,0.04173993532,-921.539494041904
7693,80.408636379,0.042191177864,-942.8735157028927
7694,80.408636379,0.042642420407999995,-964.4299531268447
7695,80.408636379,0.043093662952,-986.201920574975
7696,80.408636379,0.043544905496,-1008.1827252570306
7697,80.408636379,0.043996148039999995,-1030.3658611913572
7698,80.408636379,0.044447390584,-1052.7450032472225
7699,80.408636379,0.044898633128,-1075.3140014370247
7700,81.459729665,0.000225621272,-2433.698513285416
7701,81.459729665,0.000676863816,-2310.9471848817448
7702,81.459729665,0.00112810636,-2195.639846525922
7703,81.459729665,0.001579348904,-2086.023321023668
7704,81.459729665,0.002030591448,-1981.7386424564793
7705,81.459729665,0.0024818339919999996,-1882.5453138512503
7706,81.459729665,0.0029330765359999998,-1788.2181105100694
7707,81.459729665,0.0033843190799999995,-1698.5388176903639
7708,81.459729665,0.0038355616239999996,-1613.2973432984122
7709,81.459729665,0.004286804168,-1532.2929426792684
7710,81.459729665,0.004738046712,-1455.3347530535766
7711,81.459729665,0.0051892892559999996,-1382.2418266011966
7712,81.459729665,0.0056405318,-1312.8428747080045
7713,81.459729665,0.006091774344,-1246.9758615501753
7714,81.459729665,0.0065430168879999995,-1184.4875279989544
7715,81.459729665,0.006994259432,-1125.2328918152748
7716,81.459729665,0.007445501976,-1069.0747497632578
7717,81.459729665,0.007896744519999999,-1015.883195588919
7718,81.459729665,0.008347987064,-965.5351610607448
7719,81.459729665,0.008799229607999998,-917.9139833657557
7720,81.459729665,0.009250472151999999,-872.9089999117922
7721,81.459729665,0.009701714695999999,-830.4151702570514
7722,81.459729665,0.010152957239999998,-790.332724220435
7723,81.459729665,0.010604199783999999,-752.5668347838307
7724,81.459729665,0.011055442327999999,-717.0273142718588
7725,81.459729665,0.011506684871999998,-683.6283322172858
7726,81.459729665,0.011957927415999998,-652.288153336588
7727,81.459729665,0.012409169959999999,-622.9288941134097
7728,81.459729665,0.012860412503999998,-595.4762965662298
7729,81.459729665,0.013311655047999998,-569.8595178529849
7730,81.459729665,0.013762897591999999,-546.0109344890403
7731,81.459729665,0.014214140135999998,-523.8659600288297
7732,81.459729665,0.014665382679999998,-503.3628751556966
7733,81.459729665,0.015116625223999999,-484.4426692199365
7734,81.459729665,0.015567867767999998,-467.0488923318361
7735,81.459729665,0.016019110312,-451.12751720610737
7736,81.459729665,0.016470352856,-436.6268100033274
7737,81.459729665,0.0169215954,-423.4972094933628
7738,81.459729665,0.017372837944,-411.6912139207917
7739,81.459729665,0.017824080488,-401.1632749863607
7740,81.459729665,0.018275323032,-391.8696984409201
7741,81.459729665,0.018726565576,-383.76855078857216
7742,81.459729665,0.01917780812,-376.81957167677905
7743,81.459729665,0.019629050664,-370.984091558171
7744,81.459729665,0.020080293207999998,-366.2249542517831
7745,81.459729665,0.020531535752,-362.506444066995
7746,81.459729665,0.020982778296,-359.7942171711317
7747,81.459729665,0.021434020839999998,-358.0552369072442
7748,81.459729665,0.021885263384,-357.2577128027703
7749,81.459729665,0.022336505928,-357.3710430140244
7750,81.459729665,0.022787748471999998,-358.3657599823714
7751,81.459729665,0.023238991016,-360.21347909188967
7752,81.459729665,0.02369023356,-362.8868501308218
7753,81.459729665,0.024141476103999998,-366.35951137925093
7754,81.459729665,0.024592718648,-370.6060461536517
7755,81.459729665,0.025043961192,-375.6019416568187
7756,81.459729665,0.025495203735999998,-381.3235499845021
7757,81.459729665,0.02594644628,-387.7480511573031
7758,81.459729665,0.026397688824,-394.85341806063354
7759,81.459729665,0.026848931367999998,-402.61838316496454
7760,81.459729665,0.027300173912,-411.0224069296375
7761,81.459729665,0.027751416456,-420.04564778278433
7762,81.459729665,0.028202658999999998,-429.6689335950135
7763,81.459729665,0.028653901544,-439.8737345421443
7764,81.459729665,0.029105144088,-450.6421373073924
7765,81.459729665,0.029556386631999998,-461.95682049559355
7766,81.459729665,0.030007629176,-473.8010312579988
7767,81.459729665,0.03045887172,-486.1585629915143
7768,81.459729665,0.030910114263999998,-499.0137341117351
7769,81.459729665,0.031361356808,-512.3513677837941
7770,81.459729665,0.031812599351999996,-526.1567726167887
7771,81.459729665,0.032263841896,-540.4157242340849
7772,81.459729665,0.03271508444,-555.1144476504082
7773,81.459729665,0.033166326983999996,-570.2396004894252
7774,81.459729665,0.033617569528,-585.7782569012068
7775,81.459729665,0.034068812072,-601.7178922519385
7776,81.459729665,0.034520054615999995,-618.0463683951955
7777,81.459729665,0.03497129716,-634.7519196816819
7778,81.459729665,0.035422539704,-651.8231395096132
7779,81.459729665,0.035873782247999995,-669.2489674796338
7780,81.459729665,0.036325024792,-687.0186770663952
7781,81.459729665,0.036776267336,-705.1218638424489
7782,81.459729665,0.037227509879999995,-723.5484341962599
7783,81.459729665,0.037678752424,-742.2885944803943
7784,81.459729665,0.038129994968,-761.3328406441026
7785,81.459729665,0.038581237511999995,-780.6719482874591
7786,81.459729665,0.039032480056,-800.296963074097
7787,81.459729665,0.0394837226,-820.1991916177094
7788,81.459729665,0.039934965143999995,-840.3701926385854
7789,81.459729665,0.040386207688,-860.801768545268
7790,81.459729665,0.040837450232,-881.4859573012318
7791,81.459729665,0.041288692775999995,-902.4150246292636
7792,81.459729665,0.04173993532,-923.5814565271521
7793,81.459729665,0.042191177864,-944.977952065273
7794,81.459729665,0.042642420407999995,-966.5974164268437
7795,81.459729665,0.043093662952,-988.4329543102557
7796,81.459729665,0.043544905496,-1010.4778634419713
7797,81.459729665,0.043996148039999995,-1032.725628464122
7798,81.459729665,0.044447390584,-1055.1699149777205
7799,81.459729665,0.044898633128,-1077.8045638138979
7800,82.510822951,0.000225621272,-2433.67147439888
7801,82.510822951,0.000676863816,-2310.8584018103647
7802,82.510822951,0.00112810636,-2195.530240120329
7803,82.510822951,0.001579348904,-2085.9004476826876
7804,82.510822951,0.002030591448,-1981.6032498718307
7805,82.510822951,0.0024818339919999996,-1882.3969745227128
7806,82.510822951,0.0029330765359999998,-1788.0563695592823
7807,82.510822951,0.0033843190799999995,-1698.3634243548527
7808,82.510822951,0.0038355616239999996,-1613.1082720376503
7809,82.510822951,0.004286804168,-1532.090366818813
7810,82.510822951,0.004738046712,-1455.1190119496364
7811,82.510822951,0.0051892892559999996,-1382.0133963396868
7812,82.510822951,0.0056405318,-1312.6023440147414
7813,82.510822951,0.006091774344,-1246.723912421303
7814,82.510822951,0.0065430168879999995,-1184.2249201475167
7815,82.510822951,0.006994259432,-1124.9604500975322
7816,82.510822951,0.007445501976,-1068.793353905304
7817,82.510822951,0.007896744519999999,-1015.5937717015686
7818,82.510822951,0.008347987064,-965.2386745531546
7819,82.510822951,0.008799229607999998,-917.6114329611382
7820,82.510822951,0.009250472151999999,-872.6014125492597
7821,82.510822951,0.009701714695999999,-830.1035967087341
7822,82.510822951,0.010152957239999998,-790.0182352929206
7823,82.510822951,0.010604199783999999,-752.250518004442
7824,82.510822951,0.011055442327999999,-716.7102709797925
7825,82.510822951,0.011506684871999998,-683.3116749966559
7826,82.510822951,0.011957927415999998,-651.9730037381227
7827,82.510822951,0.012409169959999999,-622.6163806274752
7828,82.510822951,0.012860412503999998,-595.1675528088006
7829,82.510822951,0.013311655047999998,-569.555680941613
7830,82.510822951,0.013762897591999999,-545.7131435804799
7831,82.510822951,0.014214140135999998,-523.5753550002121
7832,82.510822951,0.014665382679999998,-503.0805954151247
7833,82.510822951,0.015116625223999999,-484.1698526289054
7834,82.510822951,0.015567867767999998,-466.7866742283281
7835,82.510822951,0.016019110312,-450.87702951890634
7836,82.510822951,0.016470352856,-436.38918044643015
7837,82.510822951,0.0169215954,-423.2735608355019
7838,82.510822951,0.017372837944,-411.48266331774
7839,82.510822951,0.017824080488,-400.97093337671
7840,82.510822951,0.018275323032,-391.69466999436867
7841,82.510822951,0.018726565576,-383.61193240462865
7842,82.510822951,0.01917780812,-376.6824525286526
7843,82.510822951,0.019629050664,-370.86755267720497
7844,82.510822951,0.020080293207999998,-366.1300681517648
7845,82.510822951,0.020531535752,-362.43427440180284
7846,82.510822951,0.020982778296,-359.74581842513044
7847,82.510822951,0.021434020839999998,-358.03165411516676
7848,82.510822951,0.021885263384,-357.2599812968363
7849,82.510822951,0.022336505928,-357.4001881962506
7850,82.510822951,0.022787748471999998,-358.4227971202541
7851,82.510822951,0.023238991016,-360.2994131353432
7852,82.510822951,0.02369023356,-363.0026755496383
7853,82.510822951,0.024141476103999998,-366.50621201812527
7854,82.510822951,0.024592718648,-370.78459510624964
7855,82.510822951,0.025043961192,-375.81330115294924
7856,82.510822951,0.025495203735999998,-381.56867129565865
7857,82.510822951,0.02594644628,-388.02787451212896
7858,82.510822951,0.026397688824,-395.16887257819144
7859,82.510822951,0.026848931367999998,-402.9703867941873
7860,82.510822951,0.027300173912,-411.41186640546175
7861,82.510822951,0.027751416456,-420.47345858827356
7862,82.510822951,0.028202658999999998,-430.1359799370569
7863,82.510822951,0.028653901544,-440.38088933301276
7864,82.510822951,0.029105144088,-451.1902621570599
7865,82.510822951,0.029556386631999998,-462.546765709416
7866,82.510822951,0.030007629176,-474.43363584787676
7867,82.510822951,0.03045887172,-486.8346546850486
7868,82.510822951,0.030910114263999998,-499.7341293744351
7869,82.510822951,0.031361356808,-513.1168718453309
7870,82.510822951,0.031812599351999996,-526.9681795009426
7871,82.510822951,0.032263841896,-541.2738168002252
7872,82.510822951,0.03271508444,-556.0199976335064
7873,82.510822951,0.033166326983999996,-571.1933685445167
7874,82.510822951,0.033617569528,-586.7809926596082
7875,82.510822951,0.034068812072,-602.7703343693115
7876,82.510822951,0.034520054615999995,-619.1492446199304
7877,82.510822951,0.03497129716,-635.905946908505
7878,82.510822951,0.035422539704,-653.0290238510554
7879,82.510822951,0.035873782247999995,-670.5074043298779
7880,82.510822951,0.036325024792,-688.3303511771962
7881,82.510822951,0.036776267336,-706.4874493940392
7882,82.510822951,0.037227509879999995,-724.9685948773847
7883,82.510822951,0.037678752424,-743.7639835633873
7884,82.510822951,0.038129994968,-762.8641010695255
7885,82.510822951,0.038581237511999995,-782.2597127428013
7886,82.510822951,0.039032480056,-801.9418540850418
7887,82.510822951,0.0394837226,-821.9018216250099
7888,82.510822951,0.039934965143999995,-842.1311640916261
7889,82.510822951,0.040386207688,-862.6216739923589
7890,82.510822951,0.040837450232,-883.3653794789903
7891,82.510822951,0.041288692775999995,-904.3545365486113
7892,82.510822951,0.04173993532,-925.5816215723323
7893,82.510822951,0.042191177864,-947.0393240887541
7894,82.510822951,0.042642420407999995,-968.7205398384599
7895,82.510822951,0.043093662952,-990.6183641723309
7896,82.510822951,0.043544905496,-1012.7260855666377
7897,82.510822951,0.043996148039999995,-1035.0371795192054
7898,82.510822951,0.044447390584,-1057.5453025576057
7899,82.510822951,0.044898633128,-1080.2442865706244
7900,83.56191623699999,0.000225621272,-2433.6452081029497
7901,83.56191623699999,0.000676863816,-2310.7706594214123
7902,83.56191623699999,0.00112810636,-2195.4218397369846
7903,83.56191623699999,0.001579348904,-2085.779142142919
7904,83.56191623699999,0.002030591448,-1981.4698699955359
7905,83.56191623699999,0.0024818339919999996,-1882.2511205469316
7906,83.56191623699999,0.0029330765359999998,-1787.8975898307513
7907,83.56191623699999,0.0033843190799999995,-1698.1914596143995
7908,83.56191623699999,0.0038355616239999996,-1612.9230820563375
7909,83.56191623699999,0.004286804168,-1531.8921066201426
7910,83.56191623699999,0.004738046712,-1454.9080002731123
7911,83.56191623699999,0.0051892892559999996,-1381.79008704961
7912,83.56191623699999,0.0056405318,-1312.3673024285845
7913,83.56191623699999,0.006091774344,-1246.4777962084586
7914,83.56191623699999,0.0065430168879999995,-1183.9684639619322
7915,83.56191623699999,0.006994259432,-1124.6944531395036
7916,83.56191623699999,0.007445501976,-1068.5186697579315
7917,83.56191623699999,0.007896744519999999,-1015.311299933413
7918,83.56191623699999,0.008347987064,-964.949353706514
7919,83.56191623699999,0.008799229607999998,-917.3162346342469
7920,83.56191623699999,0.009250472151999999,-872.3013363574883
7921,83.56191623699999,0.009701714695999999,-829.7996659510875
7922,83.56191623699999,0.010152957239999998,-789.7114932027263
7923,83.56191623699999,0.010604199783999999,-751.9420244773398
7924,83.56191623699999,0.011055442327999999,-716.4010997042426
7925,83.56191623699999,0.011506684871999998,-683.0029109214381
7926,83.56191623699999,0.011957927415999998,-651.6657408281746
7927,83.56191623699999,0.012409169959999999,-622.311719863952
7928,83.56191623699999,0.012860412503999998,-594.8666004053256
7929,83.56191623699999,0.013311655047999998,-569.2595467422086
7930,83.56191623699999,0.013762897591999999,-545.4229396205833
7931,83.56191623699999,0.014214140135999998,-523.2921942102208
7932,83.56191623699999,0.014665382679999998,-502.805590447541
7933,83.56191623699999,0.015116625223999999,-483.90411479906555
7934,83.56191623699999,0.015567867767999998,-466.531312552734
7935,83.56191623699999,0.016019110312,-450.6331498441778
7936,83.56191623699999,0.016470352856,-436.15788465704946
7937,83.56191623699999,0.0169215954,-423.0559461322042
7938,83.56191623699999,0.017372837944,-411.27982156553475
7939,83.56191623699999,0.017824080488,-400.7839505051417
7940,83.56191623699999,0.018275323032,-391.524625456896
7941,83.56191623699999,0.018726565576,-383.45989868450675
7942,83.56191623699999,0.01917780812,-376.54949468844023
7943,83.56191623699999,0.019629050664,-370.7547279513066
7944,83.56191623699999,0.020080293207999998,-366.0384255742985
7945,83.56191623699999,0.020531535752,-362.3648544693663
7946,83.56191623699999,0.020982778296,-359.69965279126365
7947,83.56191623699999,0.021434020839999998,-358.0097653134232
7948,83.56191623699999,0.021885263384,-357.2633824907319
7949,83.56191623699999,0.022336505928,-357.42988295385186
7950,83.56191623699999,0.022787748471999998,-358.4797792117477
7951,83.56191623699999,0.023238991016,-360.384666351337
7952,83.56191623699999,0.02369023356,-363.11717353937365
7953,83.56191623699999,0.024141476103999998,-366.65091814616
7954,83.56191623699999,0.024592718648,-370.9604623244179
7955,83.56191623699999,0.025043961192,-376.0212718909169
7956,83.56191623699999,0.025495203735999998,-381.80967736235533
7957,83.56191623699999,0.02594644628,-388.30283701409184
7958,83.56191623699999,0.026397688824,-395.4787018477467
7959,83.56191623699999,0.026848931367999998,-403.31598233222707
7960,83.56191623699999,0.027300173912,-411.7941168326583
7961,83.56191623699999,0.027751416456,-420.89324160817256
7962,83.56191623699999,0.028202658999999998,-430.59416230670814
7963,83.56191623699999,0.028653901544,-440.8783268452078
7964,83.56191623699999,0.029105144088,-451.7277996314045
7965,83.56191623699999,0.029556386631999998,-463.1252369846809
7966,83.56191623699999,0.030007629176,-475.05386379092175
7967,83.56191623699999,0.03045887172,-487.49745119853884
7968,83.56191623699999,0.030910114263999998,-500.4402954176261
7969,83.56191623699999,0.031361356808,-513.8671974535878
7970,83.56191623699999,0.031812599351999996,-527.763443819382
7971,83.56191623699999,0.032263841896,-542.1147881135562
7972,83.56191623699999,0.03271508444,-556.907433406944
7973,83.56191623699999,0.033166326983999996,-572.1280154692239
7974,83.56191623699999,0.033617569528,-587.7635866959424
7975,83.56191623699999,0.034068812072,-603.8016008059967
7976,83.56191623699999,0.034520054615999995,-620.2298981192262
7977,83.56191623699999,0.03497129716,-637.0366915723396
7978,83.56191623699999,0.035422539704,-654.2105532841184
7979,83.56191623699999,0.035873782247999995,-671.7404017006835
7980,83.56191623699999,0.036325024792,-689.6154892862935
7981,83.56191623699999,0.036776267336,-707.8253907491962
7982,83.56191623699999,0.037227509879999995,-726.3599917595284
7983,83.56191623699999,0.037678752424,-745.2094781073083
7984,83.56191623699999,0.038129994968,-764.3643253371181
7985,83.56191623699999,0.038581237511999995,-783.815288807689
7986,83.56191623699999,0.039032480056,-803.5533941068243
7987,83.56191623699999,0.0394837226,-823.5699279341329
7988,83.56191623699999,0.039934965143999995,-843.8564292772729
7989,83.56191623699999,0.040386207688,-864.4046809850333
7990,83.56191623699999,0.040837450232,-885.206701630131
7991,83.56191623699999,0.041288692775999995,-906.2547377372528
7992,83.56191623699999,0.04173993532,-927.5412562696667
7993,83.56191623699999,0.042191177864,-949.0589374666727
7994,83.56191623699999,0.042642420407999995,-970.8006678543912
7995,83.56191623699999,0.043093662952,-992.7595336554036
7996,83.56191623699999,0.043544905496,-1014.9288143181273
7997,83.56191623699999,0.043996148039999995,-1037.3019763956233
7998,83.56191623699999,0.044447390584,-1059.8726675745877
7999,83.56191623699999,0.044898633128,-1082.6347109864948
8000,84.613009523,0.000225621272,-2433.6196929802145
8001,84.613009523,0.000676863816,-2310.6839344770456
8002,84.613009523,0.00112810636,-2195.3146058050725
8003,84.613009523,0.001579348904,-2085.6593449956827
8004,84.613009523,0.002030591448,-1981.338423675461
8005,84.613009523,0.0024818339919999996,-1882.107653727255
8006,84.613009523,0.0029330765359999998,-1787.741654869064
8007,84.613009523,0.0033843190799999995,-1698.0227895468224
8008,84.613009523,0.0038355616239999996,-1612.7416227616443
8009,84.613009523,0.004286804168,-1531.6979956256487
8010,84.613009523,0.004738046712,-1454.7015365246903
8011,84.613009523,0.0051892892559999996,-1381.5717030307223
8012,84.613009523,0.0056405318,-1312.1375409094749
8013,84.613009523,0.006091774344,-1246.2372914113816
8014,84.613009523,0.0065430168879999995,-1183.7179263772475
8015,84.613009523,0.006994259432,-1124.4346572239324
8016,84.613009523,0.007445501976,-1068.2504438757117
8017,84.613009523,0.007896744519999999,-1015.0355180462543
8018,84.613009523,0.008347987064,-964.6669284340728
8019,84.613009523,0.008799229607999998,-917.0281114019069
8020,84.613009523,0.009250472151999999,-872.0084884106086
8021,84.613009523,0.009701714695999999,-829.5030900755511
8022,84.613009523,0.010152957239999998,-789.4122060173677
8023,84.613009523,0.010604199783999999,-751.6410592059801
8024,84.613009523,0.011055442327999999,-716.09950334117
8025,84.613009523,0.011506684871999998,-682.7017417351633
8026,84.613009523,0.011957927415999998,-651.3660661461171
8027,84.613009523,0.012409169959999999,-622.0146141037335
8028,84.613009523,0.012860412503999998,-594.5731433153721
8029,84.613009523,0.013311655047999998,-568.9708218233931
8030,84.613009523,0.013762897591999999,-545.1400327101177
8031,84.613009523,0.014214140135999998,-523.0161922035925
8032,84.613009523,0.014665382679999998,-502.53758014556695
8033,84.613009523,0.015116625223999999,-483.6451818640022
8034,84.613009523,0.015567867767999998,-466.28254056249784
8035,84.613009523,0.016019110312,-450.3956194338842
8036,84.613009523,0.016470352856,-435.9326727405884
8037,84.613009523,0.0169215954,-422.84412519187146
8038,84.613009523,0.017372837944,-411.0824590077944
8039,84.613009523,0.017824080488,-400.6021080736642
8040,84.613009523,0.018275323032,-391.35935869820054
8041,84.613009523,0.018726565576,-383.3122564608851
8042,84.613009523,0.01917780812,-376.4205187356393
8043,84.613009523,0.019629050664,-370.64545247558186
8044,84.613009523,0.020080293207999998,-365.94987688564794
8045,84.613009523,0.020531535752,-362.29805064904946
8046,84.613009523,0.020982778296,-359.6556033901714
8047,84.613009523,0.021434020839999998,-357.9894710779221
8048,84.613009523,0.021885263384,-357.2678351160466
8049,84.613009523,0.022336505928,-357.4600648607723
8050,84.613009523,0.022787748471999998,-358.5366633457361
8051,84.613009523,0.023238991016,-360.4692160026005
8052,84.613009523,0.02369023356,-363.2303421820478
8053,84.613009523,0.024141476103999998,-366.7936492952561
8054,84.613009523,0.024592718648,-371.1336894088363
8055,84.613009523,0.025043961192,-376.225918142745
8056,84.613009523,0.025495203735999998,-382.04665572035765
8057,84.613009523,0.02594644628,-388.5730500382407
8058,84.613009523,0.026397688824,-395.7830416496942
8059,84.613009523,0.026848931367999998,-403.6553305141765
8060,84.613009523,0.027300173912,-412.1693444398224
8061,84.613009523,0.027751416456,-421.30520908875036
8062,84.613009523,0.028202658999999998,-431.04371948211707
8063,84.613009523,0.028653901544,-441.3663128887816
8064,84.613009523,0.029105144088,-452.25504305718533
8065,84.613009523,0.029556386631999998,-463.69255564023337
8066,84.613009523,0.030007629176,-475.66206486197075
8067,84.613009523,0.03045887172,-488.147331214213
8068,84.613009523,0.030910114263999998,-501.1326402699778
8069,84.613009523,0.031361356808,-514.602782414182
8070,84.613009523,0.031812599351999996,-528.5430335645215
8071,84.613009523,0.032263841896,-542.939136763116
8072,84.613009523,0.03271508444,-557.7772845512114
8073,84.613009523,0.033166326983999996,-573.0441022150762
8074,84.613009523,0.033617569528,-588.7266317083254
8075,84.613009523,0.034068812072,-604.8123163618588
8076,84.613009523,0.034520054615999995,-621.2889861522453
8077,84.613009523,0.03497129716,-638.1448437358036
8078,84.613009523,0.035422539704,-655.3684510018777
8079,84.613009523,0.035873782247999995,-672.9487162386661
8080,84.613009523,0.036325024792,-690.8748818079237
8081,84.613009523,0.036776267336,-709.1365123845449
8082,84.613009523,0.037227509879999995,-727.7234836815799
8083,84.613009523,0.037678752424,-746.6259715950432
8084,84.613009523,0.038129994968,-765.8344418492791
8085,84.613009523,0.038581237511999995,-785.3396400706524
8086,84.613009523,0.039032480056,-805.1325821742234
8087,84.613009523,0.0394837226,-825.2045452781333
8088,84.613009523,0.039934965143999995,-845.5470588636915
8089,84.613009523,0.040386207688,-866.1518963568351
8090,84.613009523,0.040837450232,-887.0110669953112
8091,84.613009523,0.041288692775999995,-908.1168080408281
8092,84.613009523,0.04173993532,-929.4615772903633
8093,84.613009523,0.042191177864,-951.0380458997683
8094,84.613009523,0.042642420407999995,-972.8390913942219
8095,84.613009523,0.043093662952,-994.8577910948393
8096,84.613009523,0.043544905496,-1017.0874156211487
8097,84.613009523,0.043996148039999995,-1039.5214227973954
8098,84.613009523,0.044447390584,-1062.1534516692304
8099,84.613009523,0.044898633128,-1084.977316812895
8100,85.664102809,0.000225621272,-2433.594908325557
8101,85.664102809,0.000676863816,-2310.5982048512483
8102,85.664102809,0.00112810636,-2195.2085008849012
8103,85.664102809,0.001579348904,-2085.540999956393
8104,85.664102809,0.002030591448,-1981.208835825836
8105,85.664102809,0.0024818339919999996,-1881.9664808349482
8106,85.664102809,0.0029330765359999998,-1787.5884540527602
8107,85.664102809,0.0033843190799999995,-1697.85728689666
8108,85.664102809,0.0038355616239999996,-1612.5637510246863
8109,85.664102809,0.004286804168,-1531.5078756040039
8110,85.664102809,0.004738046712,-1454.4994481552776
8111,85.664102809,0.0051892892559999996,-1381.3580582195389
8112,85.664102809,0.0056405318,-1311.9128606999307
8113,85.664102809,0.006091774344,-1246.002187416375
8114,85.664102809,0.0065430168879999995,-1183.4730857788045
8115,85.664102809,0.006994259432,-1124.180830603769
8116,85.664102809,0.007445501976,-1067.9884352610698
8117,85.664102809,0.007896744519999999,-1014.7661766830503
8118,85.664102809,0.008347987064,-964.3911419209303
8119,85.664102809,0.008799229607999998,-916.7467998961075
8120,85.664102809,0.009250472151999999,-871.722599700028
8121,85.664102809,0.009701714695999999,-829.2135953452146
8122,85.664102809,0.010152957239999998,-789.1200961882432
8123,85.664102809,0.010604199783999999,-751.3473417433058
8124,85.664102809,0.011055442327999999,-715.8051994599755
8125,85.664102809,0.011506684871999998,-682.4078839327937
8126,85.664102809,0.011957927415999998,-651.0736960197855
8127,85.664102809,0.012409169959999999,-621.7247804081726
8128,85.664102809,0.012860412503999998,-594.2869002285
8129,85.664102809,0.013311655047999998,-568.6892273915787
8130,85.664102809,0.013762897591999999,-544.8641474522318
8131,85.664102809,0.014214140135999998,-522.7470778530906
8132,85.664102809,0.014665382679999998,-502.27629851380794
8133,85.664102809,0.015116625223999999,-483.3927938135981
8134,85.664102809,0.015567867767999998,-466.04010507562094
8135,85.664102809,0.016019110312,-450.1641927674271
8136,85.664102809,0.016470352856,-435.71330765874166
8137,85.664102809,0.0169215954,-422.63787026798946
8138,85.664102809,0.017372837944,-410.89035798935254
8139,85.664102809,0.017824080488,-400.4251993043656
8140,85.664102809,0.018275323032,-391.1986745909779
8141,85.664102809,0.018726565576,-383.168823019497
8142,85.664102809,0.01917780812,-376.29535511745013
8143,85.664102809,0.019629050664,-370.5395705946193
8144,85.664102809,0.020080293207999998,-365.86428105152714
8145,85.664102809,0.020531535752,-362.2337372378433
8146,85.664102809,0.020982778296,-359.61356054708193
8147,85.664102809,0.021434020839999998,-357.9706784466523
8148,85.664102809,0.021885263384,-357.2732635944316
8149,85.664102809,0.022336505928,-357.4906763800117
8150,85.664102809,0.022787748471999998,-358.5934106714034
8151,85.664102809,0.023238991016,-360.55304255598367
8152,85.664102809,0.02369023356,-363.3421818808569
8153,85.664102809,0.024141476103999998,-366.93442641019254
8154,85.664102809,0.024592718648,-371.3043184385424
8155,85.664102809,0.025043961192,-376.4273037021775
8156,85.664102809,0.025495203735999998,-382.2796924435623
8157,85.664102809,0.02594644628,-388.8386224934134
8158,85.664102809,0.026397688824,-396.08202426916506
8159,85.664102809,0.026848931367999998,-403.98858753125137
8160,85.664102809,0.027300173912,-412.53772984045196
8161,85.664102809,0.027751416456,-421.7095665695462
8162,85.664102809,0.028202658999999998,-431.484882421143
8163,85.664102809,0.028653901544,-441.84510431983347
8164,85.664102809,0.029105144088,-452.7722756599846
8165,85.664102809,0.029556386631999998,-464.2490317261625
8166,85.664102809,0.030007629176,-476.25857638097915
8167,85.664102809,0.03045887172,-488.78465975708787
8168,85.664102809,0.030910114263999998,-501.811557082963
8169,85.664102809,0.031361356808,-515.3240484139557
8170,85.664102809,0.031812599351999996,-529.3073993657013
8171,85.664102809,0.032263841896,-543.7473427038818
8172,85.664102809,0.03271508444,-558.6300607289475
8173,85.664102809,0.033166326983999996,-573.94216852255
8174,85.664102809,0.033617569528,-589.6706978740106
8175,85.664102809,0.034068812072,-605.8030820007014
8176,85.664102809,0.034520054615999995,-622.3271408086466
8177,85.664102809,0.03497129716,-639.2310669358981
8178,85.664102809,0.035422539704,-656.5034123158528
8179,85.664102809,0.035873782247999995,-674.1330753344747
8180,85.664102809,0.036325024792,-692.1092885159455
8181,85.664102809,0.036776267336,-710.4216067539774
8182,85.664102809,0.037227509879999995,-729.0598960524915
8183,85.664102809,0.037678752424,-748.0143226686605
8184,85.664102809,0.038129994968,-767.2753427521121
8185,85.664102809,0.038581237511999995,-786.8336924326804
8186,85.664102809,0.039032480056,-806.6803781941793
8187,85.664102809,0.0394837226,-826.8066678091825
8188,85.664102809,0.039934965143999995,-847.204081485236
8189,85.664102809,0.040386207688,-867.86438345391
8190,85.664102809,0.040837450232,-888.7795738378753
8191,85.664102809,0.041288692775999995,-909.9418808648076
8192,85.664102809,0.04173993532,-931.3437533801225
8193,85.664102809,0.042191177864,-952.9778536717718
8194,85.664102809,0.042642420407999995,-974.837050471416
8195,85.664102809,0.043093662952,-996.9144124095607
8196,85.664102809,0.043544905496,-1019.2032014850865
8197,85.664102809,0.043996148039999995,-1041.6968669847297
8198,85.664102809,0.044447390584,-1064.3890395241995
8199,85.664102809,0.044898633128,-1087.2735253109581
8200,86.715196095,0.000225621272,-2433.5708341153513
8201,86.715196095,0.000676863816,-2310.513449455934
8202,86.715196095,0.00112810636,-2195.1034895315875
8203,86.715196095,0.001579348904,-2085.42405367093
8204,86.715196095,0.002030591448,-1981.0810351777109
8205,86.715196095,0.0024818339919999996,-1881.8275133061406
8206,86.715196095,0.0029330765359999998,-1787.4378822400665
8207,86.715196095,0.0033843190799999995,-1697.6948306699323
8208,86.715196095,0.0038355616239999996,-1612.3893307281548
8209,86.715196095,0.004286804168,-1531.321596051364
8210,86.715196095,0.004738046712,-1454.301571024793
8211,86.715196095,0.0051892892559999996,-1381.1489756057788
8212,86.715196095,0.0056405318,-1311.6930727025908
8213,86.715196095,0.006091774344,-1245.772283839569
8214,86.715196095,0.0065430168879999995,-1183.2337313107978
8215,86.715196095,0.006994259432,-1123.9327527802893
8216,86.715196095,0.007445501976,-1067.7324146120754
8217,86.715196095,0.007896744519999999,-1014.503038590585
8218,86.715196095,0.008347987064,-964.1217498192489
8219,86.715196095,0.008799229607999998,-916.4720495404364
8220,86.715196095,0.009250472151999999,-871.4434142894115
8221,86.715196095,0.009701714695999999,-828.9309213363504
8222,86.715196095,0.010152957239999998,-788.8348996763375
8223,86.715196095,0.010604199783999999,-751.0606053100976
8224,86.715196095,0.011055442327999999,-715.5179194100608
8225,86.715196095,0.011506684871999998,-682.1210678629661
8226,86.715196095,0.011957927415999998,-650.7883606622324
8227,86.715196095,0.012409169959999999,-621.4419497148324
8228,86.715196095,0.012860412503999998,-594.0076036618161
8229,86.715196095,0.013311655047999998,-568.4144983920505
8230,86.715196095,0.013762897591999999,-544.5950220611338
8231,86.715196095,0.014214140135999998,-522.4845934745874
8232,86.715196095,0.014665382679999998,-502.021492795377
8233,86.715196095,0.015116625223999999,-483.14670363355975
8234,86.715196095,0.015567867767999998,-465.80376562594904
8235,86.715196095,0.016019110312,-449.9386367224976
8236,86.715196095,0.016470352856,-435.49956441930703
8237,86.715196095,0.0169215954,-422.4369652723151
8238,86.715196095,0.017372837944,-410.70331209049425
8239,86.715196095,0.017824080488,-400.25302819715677
8240,86.715196095,0.018275323032,-391.04238829682805
8241,86.715196095,0.018726565576,-383.0294254120178
8242,86.715196095,0.01917780812,-376.1738434927633
8243,86.715196095,0.019629050664,-370.4369352797412
8244,86.715196095,0.020080293207999998,-365.7815050478353
8245,86.715196095,0.020531535752,-362.1717958967028
8246,86.715196095,0.020982778296,-359.573421276254
8247,86.715196095,0.021434020839999998,-357.9533004425306
8248,86.715196095,0.021885263384,-357.27959760061776
8249,86.715196095,0.022336505928,-357.52166446882984
8250,86.715196095,0.022787748471999998,-358.64998604666647
8251,86.715196095,0.023238991016,-360.6361293759653
8252,86.715196095,0.02369023356,-363.4526950994129
8253,86.715196095,0.024141476103999998,-367.07327163563116
8254,86.715196095,0.024592718648,-371.472391807341
8255,86.715196095,0.025043961192,-376.62549176806715
8256,86.715196095,0.025495203735999998,-382.508872080827
8257,86.715196095,0.02594644628,-389.0996608107884
8258,86.715196095,0.026397688824,-396.37577853840463
8259,86.715196095,0.026848931367999998,-404.31590512535473
8260,86.715196095,0.027300173912,-412.8994481833569
8261,86.715196095,0.027751416456,-422.1065130915366
8262,86.715196095,0.028202658999999998,-431.9178745292143
8263,86.715196095,0.028653901544,-442.31494937008034
8264,86.715196095,0.029105144088,-453.2797709466402
8265,86.715196095,0.029556386631999998,-464.794964465289
8266,86.715196095,0.030007629176,-476.8437237157125
8267,86.715196095,0.03045887172,-489.4097887559978
8268,86.715196095,0.030910114263999998,-502.47742475537865
8269,86.715196095,0.031361356808,-516.0314017179327
8270,86.715196095,0.031812599351999996,-530.0569752358797
8271,86.715196095,0.032263841896,-544.5398680787878
8272,86.715196095,0.03271508444,-559.466252575442
8273,86.715196095,0.033166326983999996,-574.822733875928
8274,86.715196095,0.033617569528,-590.5963338687777
8275,86.715196095,0.034068812072,-606.7744759281109
8276,86.715196095,0.034520054615999995,-623.3449701470142
8277,86.715196095,0.03497129716,-640.2959994080509
8278,86.715196095,0.035422539704,-657.6161059431536
8279,86.715196095,0.035873782247999995,-675.2941784925113
8280,86.715196095,0.036325024792,-693.319439985356
8281,86.715196095,0.036776267336,-711.6814357839281
8282,86.715196095,0.037227509879999995,-730.3700224293361
8283,86.715196095,0.037678752424,-749.3753567763192
8284,86.715196095,0.038129994968,-768.6878856375089
8285,86.715196095,0.038581237511999995,-788.2983358854858
8286,86.715196095,0.039032480056,-808.197704801242
8287,86.715196095,0.0394837226,-828.3772510379956
8288,86.715196095,0.039934965143999995,-848.8284857487649
8289,86.715196095,0.040386207688,-869.5431642020872
8290,86.715196095,0.040837450232,-890.5132776135545
8291,86.715196095,0.041288692775999995,-911.7310453978405
8292,86.715196095,0.04173993532,-933.1889076562619
8293,86.715196095,0.042191177864,-954.8795180181769
8294,86.715196095,0.042642420407999995,-976.7957366319511
8295,86.715196095,0.043093662952,-998.9306236308045
8296,86.715196095,0.043544905496,-1021.2774325927353
8297,86.715196095,0.043996148039999995,-1043.829604472795
8298,86.715196095,0.044447390584,-1066.5807616267564
8299,86.715196095,0.044898633128,-1089.5247021031996
8300,87.76628938099999,0.000225621272,-2433.547450979346
8301,87.76628938099999,0.000676863816,-2310.429648172399
8302,87.76628938099999,0.00112810636,-2194.9995381683375
8303,87.76628938099999,0.001579348904,-2085.3084555354403
8304,87.76628938099999,0.002030591448,-1980.9549540474195
8305,87.76628938099999,0.0024818339919999996,-1881.690666960972
8306,87.76628938099999,0.0029330765359999998,-1787.2898394395445
8307,87.76628938099999,0.0033843190799999995,-1697.5353057593554
8308,87.76628938099999,0.0038355616239999996,-1612.2182323464197
8309,87.76628938099999,0.004286804168,-1531.1390137287754
8310,87.76628938099999,0.004738046712,-1454.107748898426
8311,87.76628938099999,0.0051892892559999996,-1380.944286690709
8312,87.76628938099999,0.0056405318,-1311.4779969026652
8313,87.76628938099999,0.006091774344,-1245.5473899136132
8314,87.76628938099999,0.0065430168879999995,-1182.9996622311726
8315,87.76628938099999,0.006994259432,-1123.6902138278263
8316,87.76628938099999,0.007445501976,-1067.4821636226966
8317,87.76628938099999,0.007896744519999999,-1014.245877891989
8318,87.76628938099999,0.008347987064,-963.8585195025638
8319,87.76628938099999,0.008799229607999998,-916.2036217830068
8320,87.76628938099999,0.009250472151999999,-871.1706885315392
8321,87.76628938099999,0.009701714695999999,-828.6548201383625
8322,87.76628938099999,0.010152957239999998,-788.5563651421799
8323,87.76628938099999,0.010604199783999999,-750.7805959695168
8324,87.76628938099999,0.011055442327999999,-715.2374074920946
8325,87.76628938099999,0.011506684871999998,-681.8410368926138
8326,87.76628938099999,0.011957927415999998,-650.509803332861
8327,87.76628938099999,0.012409169959999999,-621.1658659985051
8328,87.76628938099999,0.012860412503999998,-593.7349991218091
8329,87.76628938099999,0.013311655047999998,-568.1463826723699
8330,87.76628938099999,0.013762897591999999,-544.3324075312016
8331,87.76628938099999,0.014214140135999998,-522.2284940051895
8332,87.76628938099999,0.014665382679999998,-501.77292265839054
8333,87.76628938099999,0.015116625223999999,-482.90667650323826
8334,87.76628938099999,0.015567867767999998,-465.5732936753898
8335,87.76628938099999,0.016019110312,-449.71872980464934
8336,87.76628938099999,0.016470352856,-435.29122932224
8337,87.76628938099999,0.0169215954,-422.24120504220656
8338,87.76628938099999,0.017372837944,-410.52112541520404
8339,87.76628938099999,0.017824080488,-400.08540884464765
8340,87.76628938099999,0.018275323032,-390.89032460484265
8341,87.76628938099999,0.018726565576,-382.8938998226339
8342,87.76628938099999,0.01917780812,-376.05583212734786
8343,87.76628938099999,0.019629050664,-370.33740755360435
8344,87.76628938099999,0.020080293207999998,-365.7014233179645
8345,87.76628938099999,0.020531535752,-362.1121151420926
8346,87.76628938099999,0.020982778296,-359.53508880714236
8347,87.76628938099999,0.021434020839999998,-357.93725563655454
8348,87.76628938099999,0.021885263384,-357.28677166393186
8349,87.76628938099999,0.022336505928,-357.55298021951324
8350,87.76628938099999,0.022787748471999998,-358.7063577198531
8351,87.76628938099999,0.023238991016,-360.7184624479608
8352,87.76628938099999,0.02369023356,-363.56188613011284
8353,87.76628938099999,0.024141476103999998,-367.210208127962
8354,87.76628938099999,0.024592718648,-371.63795208133956
8355,87.76628938099999,0.025043961192,-376.8205448511547
8356,87.76628938099999,0.025495203735999998,-382.73427760927945
8357,87.76628938099999,0.02594644628,-389.3562689451306
8358,87.76628938099999,0.026397688824,-396.66442989106235
8359,87.76628938099999,0.026848931367999998,-404.6374306962881
8360,87.76628938099999,0.027300173912,-413.25466931070895
8361,87.76628938099999,0.027751416456,-422.4962414060198
8362,87.76628938099999,0.028202658999999998,-432.3429119217483
8363,87.76628938099999,0.028653901544,-442.776087964538
8364,87.76628938099999,0.029105144088,-453.77779308460674
8365,87.76628938099999,0.029556386631999998,-465.3306426907687
8366,87.76628938099999,0.030007629176,-477.41782077737577
8367,87.76628938099999,0.03045887172,-490.02305760029856
8368,87.76628938099999,0.030910114263999998,-503.13060854533205
8369,87.76628938099999,0.031361356808,-516.7252338383396
8370,87.76628938099999,0.031812599351999996,-530.7921793127165
8371,87.76628938099999,0.032263841896,-545.3171580101965
8372,87.76628938099999,0.03271508444,-560.2863325509456
8373,87.76628938099999,0.033166326983999996,-575.6862984137763
8374,87.76628938099999,0.033617569528,-591.5040678496266
8375,87.76628938099999,0.034068812072,-607.7270546372407
8376,87.76628938099999,0.034520054615999995,-624.3430593179227
8377,87.76628938099999,0.03497129716,-641.3402552648012
8378,87.76628938099999,0.035422539704,-658.7071752544655
8379,87.76628938099999,0.035873782247999995,-676.4326986239839
8380,87.76628938099999,0.036325024792,-694.506038954516
8381,87.76628938099999,0.036776267336,-712.9167323144875
8382,87.76628938099999,0.037227509879999995,-731.654626017141
8383,87.76628938099999,0.037678752424,-750.7098677441666
8384,87.76628938099999,0.038129994968,-770.0728952055472
8385,87.76628938099999,0.038581237511999995,-789.7344262357461
8386,87.76628938099999,0.039032480056,-809.685449143029
8387,87.76628938099999,0.0394837226,-829.9172136758189
8388,87.76628938099999,0.039934965143999995,-850.4212221566631
8389,87.76628938099999,0.040386207688,-871.1892210966053
8390,87.76628938099999,0.040837450232,-892.2131930259981
8391,87.76628938099999,0.041288692775999995,-913.4853487467007
8392,87.76628938099999,0.04173993532,-934.9981198173284
8393,87.76628938099999,0.042191177864,-956.7441514185431
8394,87.76628938099999,0.042642420407999995,-978.7162953053585
8395,87.76628938099999,0.043093662952,-1000.9076033172321
8396,87.76628938099999,0.043544905496,-1023.3113207949708
8397,87.76628938099999,0.043996148039999995,-1045.9208805584126
8398,87.76628938099999,0.044447390584,-1068.7298968922225
8399,87.76628938099999,0.044898633128,-1091.732159856079
8400,88.81738266699999,0.000225621272,-2433.5247401736547
8401,88.81738266699999,0.000676863816,-2310.3467817875244
8402,88.81738266699999,0.00112810636,-2194.896614969434
8403,88.81738266699999,0.001579348904,-2085.194157528374
8404,88.81738266699999,0.002030591448,-1980.8305281217795
8405,88.81738266699999,0.0024818339919999996,-1881.5558617418967
8406,88.81738266699999,0.0029330765359999998,-1787.1442305044402
8407,88.81738266699999,0.0033843190799999995,-1697.3786025952545
8408,88.81738266699999,0.0038355616239999996,-1612.0503325561433
8409,88.81738266699999,0.004286804168,-1530.9599922336583
8410,88.81738266699999,0.004738046712,-1453.9178329802603
8411,88.81738266699999,0.0051892892559999996,-1380.7438309848574
8412,88.81738266699999,0.0056405318,-1311.2674618329129
8413,88.81738266699999,0.006091774344,-1245.3273239217417
8414,88.81738266699999,0.0065430168879999995,-1182.7706873172156
8415,88.81738266699999,0.006994259432,-1123.4530137724573
8416,88.81738266699999,0.007445501976,-1067.2374743330217
8417,88.81738266699999,0.007896744519999999,-1013.9944794187875
8418,88.81738266699999,0.008347987064,-963.6012293735503
8419,88.81738266699999,0.008799229607999998,-915.9412893876074
8420,88.81738266699999,0.009250472151999999,-870.9041903420987
8421,88.81738266699999,0.009701714695999999,-828.3850556148434
8422,88.81738266699999,0.010152957239999998,-788.2842531923418
8423,88.81738266699999,0.010604199783999999,-750.5070718695215
8424,88.81738266699999,0.011055442327999999,-714.9634201898782
8425,88.81738266699999,0.011506684871999998,-681.5675466336866
8426,88.81738266699999,0.011957927415999998,-650.2377795621214
8427,88.81738266699999,0.012409169959999999,-620.8962854933989
8428,88.81738266699999,0.012860412503999998,-593.4688443277282
8429,88.81738266699999,0.013311655047999998,-567.8846402137444
8430,88.81738266699999,0.013762897591999999,-544.0760668723124
8431,88.81738266699999,0.014214140135999998,-521.978546246648
8432,88.81738266699999,0.014665382679999998,-501.53035944944725
8433,88.81738266699999,0.015116625223999999,-482.67248906014333
8434,88.81738266699999,0.015567867767999998,-465.3484718900955
8435,88.81738266699999,0.016019110312,-449.50426143809756
8436,88.81738266699999,0.016470352856,-435.0880992698662
8437,88.81738266699999,0.0169215954,-422.0503946662473
8438,88.81738266699999,0.017372837944,-410.3436119391301
8439,88.81738266699999,0.017824080488,-399.9221647987302
8440,88.81738266699999,0.018275323032,-390.7423173235243
8441,88.81738266699999,0.018726565576,-382.7620909844518
8442,88.81738266699999,0.01917780812,-375.9411773376792
8443,88.81738266699999,0.019629050664,-370.24085596269896
8444,88.81738266699999,0.020080293207999998,-365.6239172747995
8445,88.81738266699999,0.020531535752,-362.0545898781578
8446,88.81738266699999,0.020982778296,-359.49847214952086
8447,88.81738266699999,0.021434020839999998,-357.92246774695553
8448,88.81738266699999,0.021885263384,-357.2947248024085
8449,88.81738266699999,0.022336505928,-357.5845785305099
8450,88.81738266699999,0.022787748471999998,-358.7624970388046
8451,88.81738266699999,0.023238991016,-360.8000301268153
8452,88.81738266699999,0.02369023356,-363.66976088166
8453,88.81738266699999,0.024141476103999998,-367.3452598849633
8454,88.81738266699999,0.024592718648,-371.80104187205785
8455,88.81738266699999,0.025043961192,-377.01252468918466
8456,88.81738266699999,0.025495203735999998,-382.9559903958329
8457,88.81738266699999,0.02594644628,-389.60854838357153
8458,88.81738266699999,0.026397688824,-396.94810041353
8459,88.81738266699999,0.026848931367999998,-404.9533074011768
8460,88.81738266699999,0.027300173912,-413.6035579085336
8461,88.81738266699999,0.027751416456,-422.87893817563537
8462,88.81738266699999,0.028202658999999998,-432.76020367572744
8463,88.81738266699999,0.028653901544,-443.2287520223879
8464,88.81738266699999,0.029105144088,-454.26659725188637
8465,88.81738266699999,0.029556386631999998,-465.85634524794483
8466,88.81738266699999,0.030007629176,-477.9811704711173
8467,88.81738266699999,0.03045887172,-490.62479364854005
8468,88.81738266699999,0.030910114263999998,-503.7714606385136
8469,88.81738266699999,0.031361356808,-517.4059221536418
8470,88.81738266699999,0.031812599351999996,-531.5134145302823
8471,88.81738266699999,0.032263841896,-546.079641333383
8472,88.81738266699999,0.03271508444,-561.0907557338032
8473,88.81738266699999,0.033166326983999996,-576.5333437876176
8474,88.81738266699999,0.033617569528,-592.3944083584394
8475,88.81738266699999,0.034068812072,-608.66135388105
8476,88.81738266699999,0.034520054615999995,-625.3219715808292
8477,88.81738266699999,0.03497129716,-642.3644255722646
8478,88.81738266699999,0.035422539704,-659.777239409805
8479,88.81738266699999,0.035873782247999995,-677.5492832661994
8480,88.81738266699999,0.036325024792,-695.6697616045899
8481,88.81738266699999,0.036776267336,-714.128201433538
8482,88.81738266699999,0.037227509879999995,-732.9144410634008
8483,88.81738266699999,0.037678752424,-752.0186192319838
8484,88.81738266699999,0.038129994968,-771.4311647634458
8485,88.81738266699999,0.038581237511999995,-791.1427866745436
8486,88.81738266699999,0.039032480056,-811.1444645166455
8487,88.81738266699999,0.0394837226,-831.4274393509249
8488,88.81738266699999,0.039934965143999995,-851.9832048764558
8489,88.81738266699999,0.040386207688,-872.8034990524613
8490,88.81738266699999,0.040837450232,-893.8802959284366
8491,88.81738266699999,0.041288692775999995,-915.2057978939146
8492,88.81738266699999,0.04173993532,-936.772428169628
8493,88.81738266699999,0.042191177864,-958.5728236742445
8494,88.81738266699999,0.042642420407999995,-980.599827967427
8495,88.81738266699999,0.043093662952,-1002.8464847752402
8496,88.81738266699999,0.043544905496,-1025.3060314058127
8497,88.81738266699999,0.043996148039999995,-1047.9718927055437
8498,88.81738266699999,0.044447390584,-1070.8376750825553
8499,88.81738266699999,0.044898633128,-1093.8971607856508
8500,89.868475953,0.000225621272,-2433.5026835553526
8501,89.868475953,0.000676863816,-2310.26483193624
8502,89.868475953,0.00112810636,-2194.794689751338
8503,89.868475953,0.001579348904,-2085.0811140559777
8504,89.868475953,0.002030591448,-1980.707696257969
8505,89.868475953,0.0024818339919999996,-1881.4230214713377
8506,89.868475953,0.0029330765359999998,-1787.000964848519
8507,89.868475953,0.0033843190799999995,-1697.2246168221907
8508,89.868475953,0.0038355616239999996,-1611.8855138726346
8509,89.868475953,0.004286804168,-1530.784401599561
8510,89.868475953,0.004738046712,-1453.7316814783098
8511,89.868475953,0.0051892892559999996,-1380.5474555408305
8512,89.868475953,0.0056405318,-1311.061304072352
8513,89.868475953,0.006091774344,-1245.1119126675524
8514,89.868475953,0.0065430168879999995,-1182.5466243070834
8515,89.868475953,0.006994259432,-1123.2209620083581
8516,89.868475953,0.007445501976,-1066.998148525182
8517,89.868475953,0.007896744519999999,-1013.7486380799857
8518,89.868475953,0.008347987064,-963.3496682174987
8519,89.868475953,0.008799229607999998,-915.6848357674455
8520,89.868475953,0.009250472151999999,-870.6436985204434
8521,89.868475953,0.009701714695999999,-828.1214027108817
8522,89.868475953,0.010152957239999998,-788.0183356790448
8523,89.868475953,0.010604199783999999,-750.2398025294647
8524,89.868475953,0.011055442327999999,-714.6957254497315
8525,89.868475953,0.011506684871999998,-681.3003642189985
8526,89.868475953,0.011957927415999998,-649.9720564249844
8527,89.868475953,0.012409169959999999,-620.6329759675591
8528,89.868475953,0.012860412503999998,-593.208908488341
8529,89.868475953,0.013311655047999998,-567.6290424054301
8530,89.868475953,0.013762897591999999,-543.8257743907405
8531,89.868475953,0.014214140135999998,-521.7345281503399
8532,89.868475953,0.014665382679999998,-501.29358548845977
8533,89.868475953,0.015116625223999999,-482.44392870669697
8534,89.868475953,0.015567867767999998,-465.1290934618481
8535,89.868475953,0.016019110312,-449.29503130043776
8536,89.868475953,0.016470352856,-434.88998111441913
8537,89.868475953,0.0169215954,-421.8643488527278
8538,89.868475953,0.017372837944,-410.1705948962404
8539,89.868475953,0.017824080488,-399.7631284806401
8540,89.868475953,0.018275323032,-390.59820871141864
8541,89.868475953,0.018726565576,-382.6338516352542
8542,89.868475953,0.01917780812,-375.82974297090186
8543,89.868475953,0.019629050664,-370.1471560849183
8544,89.868475953,0.020080293207999998,-365.54887483701873
8545,89.868475953,0.020531535752,-361.99912096404455
8546,89.868475953,0.020982778296,-359.4634856918452
8547,89.868475953,0.021434020839999998,-357.9088652699675
8548,89.868475953,0.021885263384,-357.30340018804884
8549,89.868475953,0.022336505928,-357.616417806487
8550,89.868475953,0.022787748471999998,-358.81837818712825
8551,89.868475953,0.023238991016,-360.88082291130235
8552,89.868475953,0.02369023356,-363.7763266922118
8553,89.868475953,0.024141476103999998,-367.4784515987933
8554,89.868475953,0.024592718648,-371.96170372982664
8555,89.868475953,0.025043961192,-377.20149218358625
8556,89.868475953,0.025495203735999998,-383.17409017521277
8557,89.868475953,0.02594644628,-389.8565981668431
8558,89.868475953,0.026397688824,-397.22690891505704
8559,89.868475953,0.026848931367999998,-405.2636742679817
8560,89.868475953,0.027300173912,-413.94627366523866
8561,89.868475953,0.027751416456,-423.25478418146764
8562,89.868475953,0.028202658999999998,-433.16995208705515
8563,89.868475953,0.028653901544,-443.67316576313584
8564,89.868475953,0.029105144088,-454.7464299954011
8565,89.868475953,0.029556386631999998,-466.3723413991425
8566,89.868475953,0.030007629176,-478.53406516354823
8567,89.868475953,0.03045887172,-491.21531273907635
8568,89.868475953,0.030910114263999998,-504.40032071229547
8569,89.868475953,0.031361356808,-518.0738305341778
8570,89.868475953,0.031812599351999996,-532.2210692941318
8571,89.868475953,0.032263841896,-546.8277313282392
8572,89.868475953,0.03271508444,-561.879960602728
8573,89.868475953,0.033166326983999996,-577.3643339967995
8574,89.868475953,0.033617569528,-593.2678452297746
8575,89.868475953,0.034068812072,-609.5778896206923
8576,89.868475953,0.034520054615999995,-626.2822493269418
8577,89.868475953,0.03497129716,-643.3690794296341
8578,89.868475953,0.035422539704,-660.8268944975348
8579,89.868475953,0.035873782247999995,-678.6445557637851
8580,89.868475953,0.036325024792,-696.8112588012598
8581,89.868475953,0.036776267336,-715.3165217817389
8582,89.868475953,0.037227509879999995,-734.1501742300109
8583,89.868475953,0.037678752424,-753.3023461591742
8584,89.868475953,0.038129994968,-772.7634577253384
8585,89.868475953,0.038581237511999995,-792.5242093366359
8586,89.868475953,0.039032480056,-812.5755719949404
8587,89.868475953,0.0394837226,-832.908778282317
8588,89.868475953,0.039934965143999995,-853.5153134774528
8589,89.868475953,0.040386207688,-874.3869071909616
8590,89.868475953,0.040837450232,-895.515525184413
8591,89.868475953,0.041288692775999995,-916.893361631513
8592,89.868475953,0.04173993532,-938.5128316103767
8593,89.868475953,0.042191177864,-960.3665639619883
8594,89.868475953,0.042642420407999995,-982.4473942461516
8595,89.868475953,0.043093662952,-1004.7483582520142
8596,89.868475953,0.043544905496,-1027.2626854314803
8597,89.868475953,0.043996148039999995,-1049.9837928487532
8598,89.868475953,0.044447390584,-1072.9052791962026
8599,89.868475953,0.044898633128,-1096.0209190916382
8600,90.919569239,0.000225621272,-2433.4812635577177
8601,90.919569239,0.000676863816,-2310.183781046676
8602,90.919569239,0.00112810636,-2194.6937338712487
8603,90.919569239,0.001579348904,-2084.9692818067388
8604,90.919569239,0.002030591448,-1980.5864002971755
8605,90.919569239,0.0024818339919999996,-1881.2920736254273
8606,90.919569239,0.0029330765359999998,-1786.859956180717
8607,90.919569239,0.0033843190799999995,-1697.0732489953052
8608,90.919569239,0.0038355616239999996,-1611.7236643124184
8609,90.919569239,0.004286804168,-1530.612117923708
8610,90.919569239,0.004738046712,-1453.549159199946
8611,90.919569239,0.0051892892559999996,-1380.3550145157733
8612,90.919569239,0.0056405318,-1310.859367783154
8613,90.919569239,0.006091774344,-1244.9009909840945
8614,90.919569239,0.0065430168879999995,-1182.3272993825158
8615,90.919569239,0.006994259432,-1122.993876756584
8616,90.919569239,0.007445501976,-1066.763997159643
8617,90.919569239,0.007896744519999999,-1013.5081582829968
8618,90.919569239,0.008347987064,-963.1036346029537
8619,90.919569239,0.008799229607999998,-915.4340543723144
8620,90.919569239,0.009250472151999999,-870.3890021216084
8621,90.919569239,0.009701714695999999,-827.8636468122925
8622,90.919569239,0.010152957239999998,-787.7583950470801
8623,90.919569239,0.010604199783999999,-749.9785681813211
8624,90.919569239,0.011055442327999999,-714.4341020183172
8625,90.919569239,0.011506684871999998,-681.0392676358867
8626,90.919569239,0.011957927415999998,-649.7124118697989
8627,90.919569239,0.012409169959999999,-620.3757160510077
8628,90.919569239,0.012860412503999998,-592.9549716288734
8629,90.919569239,0.013311655047999998,-567.3793713787502
8630,90.919569239,0.013762897591999999,-543.5813150280426
8631,90.919569239,0.014214140135999998,-521.4962281662929
8632,90.919569239,0.014665382679999998,-501.06239342449084
8633,90.919569239,0.015116625223999999,-482.2207929755886
8634,90.919569239,0.015567867767999998,-464.91496148158825
8635,90.919569239,0.016019110312,-449.0908487115468
8636,90.919569239,0.016470352856,-434.69669106437055
8637,90.919569239,0.0169215954,-421.6828913496194
8638,90.919569239,0.017372837944,-410.001906217774
8639,90.919569239,0.017824080488,-399.60814063717044
8640,90.919569239,0.018275323032,-390.4578489563486
8641,90.919569239,0.018726565576,-382.50904201795566
8642,90.919569239,0.01917780812,-375.7213999307012
8643,90.919569239,0.019629050664,-370.05619007951043
8644,90.919569239,0.020080293207999998,-365.4761900050091
8645,90.919569239,0.020531535752,-361.9456148167276
8646,90.919569239,0.020982778296,-359.4300488331605
8647,90.919569239,0.021434020839999998,-357.89638114201654
8648,90.919569239,0.021885263384,-357.3127448396378
8649,90.919569239,0.022336505928,-357.6484596836777
8650,90.919569239,0.022787748471999998,-358.87397794340745
8651,90.919569239,0.023238991016,-360.96083323659985
8652,90.919569239,0.02369023356,-363.8815921585208
8653,90.919569239,0.024141476103999998,-367.60980852220683
8654,90.919569239,0.024592718648,-372.11998004650525
8655,90.919569239,0.025043961192,-377.38750734050035
8656,90.919569239,0.025495203735999998,-383.3886550322527
8657,90.919569239,0.02594644628,-390.10051491154746
8658,90.919569239,0.026397688824,-397.5009709888102
8659,90.919569239,0.026848931367999998,-405.5686663008101
8660,90.919569239,0.027300173912,-414.28297142179747
8661,90.919569239,0.027751416456,-423.6239545153284
8662,90.919569239,0.028202658999999998,-433.5723529030427
8663,90.919569239,0.028653901544,-444.1095459881275
8664,90.919569239,0.029105144088,-455.21752955465763
8665,90.919569239,0.029556386631999998,-466.87889120405697
8666,90.919569239,0.030007629176,-479.07678709843134
8667,90.919569239,0.03045887172,-491.79491966035806
8668,90.919569239,0.030910114263999998,-505.017516449375
8669,90.919569239,0.031361356808,-518.72930990079
8670,90.919569239,0.031812599351999996,-532.9155180950992
8671,90.919569239,0.032263841896,-547.5618263811457
8672,90.919569239,0.03271508444,-562.6543697556353
8673,90.919569239,0.033166326983999996,-578.1797161573609
8674,90.919569239,0.033617569528,-594.1248503926489
8675,90.919569239,0.034068812072,-610.4771588993996
8676,90.919569239,0.034520054615999995,-627.2244149904975
8677,90.919569239,0.03497129716,-644.3547649420389
8678,90.919569239,0.035422539704,-661.8567145592183
8679,90.919569239,0.035873782247999995,-679.7191163562122
8680,90.919569239,0.036325024792,-697.9311572335498
8681,90.919569239,0.036776267336,-716.4823467433116
8682,90.919569239,0.037227509879999995,-735.362505838254
8683,90.919569239,0.037678752424,-754.5617560147964
8684,90.919569239,0.038129994968,-774.0705089695093
8685,90.919569239,0.038581237511999995,-793.8794567061942
8686,90.919569239,0.039032480056,-813.9795618844887
8687,90.919569239,0.0394837226,-834.3620488003289
8688,90.919569239,0.039934965143999995,-855.0183945164256
8689,90.919569239,0.040386207688,-875.9403204804566
8690,90.919569239,0.040837450232,-897.1197843652515
8691,90.919569239,0.041288692775999995,-918.5489723182457
8692,90.919569239,0.04173993532,-940.2202914540626
8693,90.919569239,0.042191177864,-962.1263627218509
8694,90.919569239,0.042642420407999995,-984.2600138636647
8695,90.919569239,0.043093662952,-1006.6142729133599
8696,90.919569239,0.043544905496,-1029.1823616350198
8697,90.919569239,0.043996148039999995,-1051.9576894873817
8698,90.919569239,0.044447390584,-1074.9338476171893
8699,90.919569239,0.044898633128,-1098.1046031796925
8700,91.970662525,0.000225621272,-2433.460463168096
8701,91.970662525,0.000676863816,-2310.103612290125
8702,91.970662525,0.00112810636,-2194.5937201333563
8703,91.970662525,0.001579348904,-2084.8586196169585
8704,91.970662525,0.002030591448,-1980.466584891324
8705,91.970662525,0.0024818339919999996,-1881.1629491228618
8706,91.970662525,0.0029330765359999998,-1786.7211222588749
8707,91.970662525,0.0033843190799999995,-1696.9244042995151
8708,91.970662525,0.0038355616239999996,-1611.5646770780565
8709,91.970662525,0.004286804168,-1530.4430230205035
8710,91.970662525,0.004738046712,-1453.3701371740074
8711,91.970662525,0.0051892892559999996,-1380.166368767499
8712,91.970662525,0.0056405318,-1310.6615042763106
8713,91.970662525,0.006091774344,-1244.6944012739782
8714,91.970662525,0.0065430168879999995,-1182.112546687765
8715,91.970662525,0.006994259432,-1122.771584562355
8716,91.970662525,0.007445501976,-1066.5348398508115
8717,91.970662525,0.007896744519999999,-1013.2728533893537
8718,91.970662525,0.008347987064,-962.8629363225773
8719,91.970662525,0.008799229607999998,-915.1887481136894
8720,91.970662525,0.009250472151999999,-870.1398998676416
8721,91.970662525,0.009701714695999999,-827.6115831469108
8722,91.970662525,0.010152957239999998,-787.5042237270543
8723,91.970662525,0.010604199783999999,-749.7231591548984
8724,91.970662525,0.011055442327999999,-714.1783388202924
8725,91.970662525,0.011506684871999998,-680.7840450970141
8726,91.970662525,0.011957927415999998,-649.458634090771
8727,91.970662525,0.012409169959999999,-620.1242946067077
8728,91.970662525,0.012860412503999998,-592.7068239658757
8729,91.970662525,0.013311655047999998,-567.1354193835115
8730,91.970662525,0.013762897591999999,-543.3424837414473
8731,91.970662525,0.014214140135999998,-521.2634446277277
8732,91.970662525,0.014665382679999998,-500.8365856287191
8733,91.970662525,0.015116625223999999,-482.0028889308052
8734,91.970662525,0.015567867767999998,-464.70588835701267
8735,91.970662525,0.016019110312,-448.89153206090015
8736,91.970662525,0.016470352856,-434.50805412498994
8737,91.970662525,0.0169215954,-421.5058544022983
8738,91.970662525,0.017372837944,-409.8373860057284
8739,91.970662525,0.017824080488,-399.4570498348931
8740,91.970662525,0.018275323032,-390.32109568746165
8741,91.970662525,0.018726565576,-382.38752941471313
8742,91.970662525,0.01917780812,-375.61602573250286
8743,91.970662525,0.019629050664,-369.967846267051
8744,91.970662525,0.020080293207999998,-365.4057624659511
8745,91.970662525,0.020531535752,-361.89398304270594
8746,91.970662525,0.020982778296,-359.39808564221215
8747,91.970662525,0.021434020839999998,-357.884952427368
8748,91.970662525,0.021885263384,-357.3227093406675
8749,91.970662525,0.022336505928,-357.6806687786903
8750,91.970662525,0.022787748471999998,-358.92927546169045
8751,91.970662525,0.023238991016,-361.04005528880083
8752,91.970662525,0.02369023356,-363.98556698351763
8753,91.970662525,0.024141476103999998,-367.7393563500819
8754,91.970662525,0.024592718648,-372.2759129753327
8755,91.970662525,0.025043961192,-377.5706292266905
8756,91.970662525,0.025495203735999998,-383.59976139388897
8757,91.970662525,0.02594644628,-390.34039284266214
8758,91.970662525,0.026397688824,-397.770399084444
8759,91.970662525,0.026848931367999998,-405.86841459282317
8760,91.970662525,0.027300173912,-414.6138013231686
8761,91.970662525,0.027751416456,-423.9866187741579
8762,91.970662525,0.028202658999999998,-433.9675955638579
8763,91.970662525,0.028653901544,-444.5381023613146
8764,91.970662525,0.029105144088,-455.68012619245894
8765,91.970662525,0.029556386631999998,-467.3762458842879
8766,91.970662525,0.030007629176,-479.60960881336587
8767,91.970662525,0.03045887172,-492.36390861245167
8768,91.970662525,0.030910114263999998,-505.62336405272316
8769,91.970662525,0.031361356808,-519.3726987838202
8770,91.970662525,0.031812599351999996,-533.5971221157456
8771,91.970662525,0.032263841896,-548.282310636921
8772,91.970662525,0.03271508444,-563.4143906082568
8773,91.970662525,0.033166326983999996,-578.9799212520447
8774,91.970662525,0.033617569528,-594.9658786865568
8775,91.970662525,0.034068812072,-611.3596406924105
8776,91.970662525,0.034520054615999995,-628.14897195769
8777,91.970662525,0.03497129716,-645.3220101722734
8778,91.970662525,0.035422539704,-662.8672525952193
8779,91.970662525,0.035873782247999995,-680.7735432312663
8780,91.970662525,0.036325024792,-699.0300605234748
8781,91.970662525,0.036776267336,-717.6263056107978
8782,91.970662525,0.037227509879999995,-736.5520910799837
8783,91.970662525,0.037678752424,-755.7975301163683
8784,91.970662525,0.038129994968,-775.3530261571169
8785,91.970662525,0.038581237511999995,-795.2092629996936
8786,91.970662525,0.039032480056,-815.3571951576118
8787,91.970662525,0.0394837226,-835.788038837968
8788,91.970662525,0.039934965143999995,-856.4932630719356
8789,91.970662525,0.040386207688,-877.4645813386287
8790,91.970662525,0.040837450232,-898.6939434026422
8791,91.970662525,0.041288692775999995,-920.1735275692771
8792,91.970662525,0.04173993532,-941.8957331767468
8793,91.970662525,0.042191177864,-963.8531734574847
8794,91.970662525,0.042642420407999995,-986.0386685037208
8795,91.970662525,0.043093662952,-1008.4452387728566
8796,91.970662525,0.043544905496,-1031.0660985131024
8797,91.970662525,0.043996148039999995,-1053.8946497405211
8798,91.970662525,0.044447390584,-1076.924476228381
8799,91.970662525,0.044898633128,-1100.1493378186271
8800,93.02175581099999,0.000225621272,-2433.440265905738
8801,93.02175581099999,0.000676863816,-2310.024309534658
8802,93.02175581099999,0.00112810636,-2194.494622701479
8803,93.02175581099999,0.001579348904,-2084.749088346022
8804,93.02175581099999,0.002030591448,-1980.3481973422445
8805,93.02175581099999,0.0024818339919999996,-1881.0355821296523
8806,93.02175581099999,0.0029330765359999998,-1786.5843846603975
8807,93.02175581099999,0.0033843190799999995,-1696.7779922885281
8808,93.02175581099999,0.0038355616239999996,-1611.40845026629
8809,93.02175581099999,0.004286804168,-1530.277004100055
8810,93.02175581099999,0.004738046712,-1453.1944923017381
8811,93.02175581099999,0.0051892892559999996,-1379.981385476125
8812,93.02175581099999,0.0056405318,-1310.4675716106317
8813,93.02175581099999,0.006091774344,-1244.4919930846077
8814,93.02175581099999,0.0065430168879999995,-1181.9022078805183
8815,93.02175581099999,0.006994259432,-1122.5539198252595
8816,93.02175581099999,0.007445501976,-1066.3105043810804
8817,93.02175581099999,0.007896744519999999,-1013.0425452114021
8818,93.02175581099999,0.008347987064,-962.6273898717666
8819,93.02175581099999,0.008799229607999998,-914.9487288300547
8820,93.02175581099999,0.009250472151999999,-869.8961996027629
8821,93.02175581099999,0.009701714695999999,-827.3650162304906
8822,93.02175581099999,0.010152957239999998,-787.2556235710432
8823,93.02175581099999,0.010604199783999999,-749.4733753059098
8824,93.02175581099999,0.011055442327999999,-713.9282343820303
8825,93.02175581099999,0.011506684871999998,-680.5344944631112
8826,93.02175581099999,0.011957927415999998,-649.2105209461938
8827,93.02175581099999,0.012409169959999999,-619.8785101495157
8828,93.02175581099999,0.012860412503999998,-592.4642653267051
8829,93.02175581099999,0.013311655047999998,-566.8969882102159
8830,93.02175581099999,0.013762897591999999,-543.1090849305135
8831,93.02175581099999,0.014214140135999998,-521.0359851840087
8832,93.02175581099999,0.014665382679999998,-500.61597363588436
8833,93.02175581099999,0.015116625223999999,-481.79003262121734
8834,93.02175581099999,0.015567867767999998,-464.50169526988685
8835,93.02175581099999,0.016019110312,-448.6969082796297
8836,93.02175581099999,0.016470352856,-434.3239035830568
8837,93.02175581099999,0.0169215954,-421.3330782532658
8838,93.02175581099999,0.017372837944,-409.67688204817387
8839,93.02175581099999,0.017824080488,-399.3097119913302
8840,93.02175581099999,0.018275323032,-390.1878135265816
8841,93.02175581099999,0.018726565576,-382.26918771745005
8842,93.02175581099999,0.01917780812,-375.5135040959677
8843,93.02175581099999,0.019629050664,-369.8820187428033
8844,93.02175581099999,0.020080293207999998,-365.3374972311778
8845,93.02175581099999,0.020531535752,-361.8441420994539
8846,93.02175581099999,0.020982778296,-359.3675245443679
8847,93.02175581099999,0.021434020839999998,-357.8745200315188
8848,93.02175581099999,0.021885263384,-357.33324758014925
8849,93.02175581099999,0.022336505928,-357.71301245795877
8850,93.02175581099999,0.022787748471999998,-358.98425207062473
8851,93.02175581099999,0.023238991016,-361.1184848341856
8852,93.02175581099999,0.02369023356,-364.08826183767894
8853,93.02175581099999,0.024141476103999998,-367.8671211138627
8854,93.02175581099999,0.024592718648,-372.4295443564889
8855,93.02175581099999,0.025043961192,-377.7509159305103
8856,93.02175581099999,0.025495203735999998,-383.8074840260772
8857,93.02175581099999,0.02594644628,-390.5763238242603
8858,93.02175581099999,0.026397688824,-398.03530257591507
8859,93.02175581099999,0.026848931367999998,-406.163046430527
8860,93.02175581099999,0.027300173912,-414.93890896247063
8861,93.02175581099999,0.027751416456,-424.342941242631
8862,93.02175581099999,0.028202658999999998,-434.3558634215557
8863,93.02175581099999,0.028653901544,-444.95903767014585
8864,93.02175581099999,0.029105144088,-456.1344424904019
8865,93.02175581099999,0.029556386631999998,-467.86464816743893
8866,93.02175581099999,0.030007629176,-480.13279352464
8867,93.02175581099999,0.03045887172,-492.92256363497916
8868,93.02175581099999,0.030910114263999998,-506.2181687075522
8869,93.02175581099999,0.031361356808,-520.0043238368607
8870,93.02175581099999,0.031812599351999996,-534.2662297850547
8871,93.02175581099999,0.032263841896,-548.9895546049033
8872,93.02175581099999,0.03271508444,-564.1604160415028
8873,93.02175581099999,0.033166326983999996,-579.7653648205289
8874,93.02175581099999,0.033617569528,-595.7913685913586
8875,93.02175581099999,0.034068812072,-612.2257966900061
8876,93.02175581099999,0.034520054615999995,-629.05640539514
8877,93.02175581099999,0.03497129716,-646.2713240202725
8878,93.02175581099999,0.035422539704,-663.8590414847577
8879,93.02175581099999,0.035873782247999995,-681.8083934977576
8880,93.02175581099999,0.036325024792,-700.1085502438099
8881,93.02175581099999,0.036776267336,-718.7490046490318
8882,93.02175581099999,0.037227509879999995,-737.7195611380988
8883,93.02175581099999,0.037678752424,-757.0103247806824
8884,93.02175581099999,0.038129994968,-776.6116909494588
8885,93.02175581099999,0.038581237511999995,-796.5143354289564
8886,93.02175581099999,0.039032480056,-816.7092047747062
8887,93.02175581099999,0.0394837226,-837.1875072919022
8888,93.02175581099999,0.039934965143999995,-857.9407041679684
8889,93.02175581099999,0.040386207688,-878.9605010924993
8890,93.02175581099999,0.040837450232,-900.2388401073655
8891,93.02175581099999,0.041288692775999995,-921.7678918493448
8892,93.02175581099999,0.04173993532,-943.5400480526222
8893,93.02175581099999,0.042191177864,-965.5479144113833
8894,93.02175581099999,0.042642420407999995,-987.7843035362537
8895,93.02175581099999,0.043093662952,-1010.2422284729793
8896,93.02175581099999,0.043544905496,-1032.9148961264607
8897,93.02175581099999,0.043996148039999995,-1055.7957012233
8898,93.02175581099999,0.044447390584,-1078.8782203268493
8899,93.02175581099999,0.044898633128,-1102.1562061300874
8900,94.07284909699999,0.000225621272,-2433.420655801574
8901,94.07284909699999,0.000676863816,-2309.945857302288
8902,94.07284909699999,0.00112810636,-2194.396417017211
8903,94.07284909699999,0.001579348904,-2084.6406507585907
8904,94.07284909699999,0.002030591448,-1980.231187450326
8905,94.07284909699999,0.0024818339919999996,-1880.9099098756355
8906,94.07284909699999,0.0029330765359999998,-1786.4496685671666
8907,94.07284909699999,0.0033843190799999995,-1696.6339266392706
8908,94.07284909699999,0.0038355616239999996,-1611.254886592983
8909,94.07284909699999,0.004286804168,-1530.11395346521
8910,94.07284909699999,0.004738046712,-1453.0221070272162
8911,94.07284909699999,0.0051892892559999996,-1379.7999377903795
8912,94.07284909699999,0.0056405318,-1310.2774342139637
8913,94.07284909699999,0.006091774344,-1244.2936227082846
8914,94.07284909699999,0.0065430168879999995,-1181.6961317123469
8915,94.07284909699999,0.006994259432,-1122.3407243607196
8916,94.07284909699999,0.007445501976,-1066.0908262426017
8917,94.07284909699999,0.007896744519999999,-1012.8170635383974
8918,94.07284909699999,0.008347987064,-962.3968199626637
8919,94.07284909699999,0.008799229607999998,-914.713816788048
8920,94.07284909699999,0.009250472151999999,-869.6577177825018
8921,94.07284909699999,0.009701714695999999,-827.1237593432975
8922,94.07284909699999,0.010152957239999998,-787.0124053234778
8923,94.07284909699999,0.010604199783999999,-749.2290254815088
8924,94.07284909699999,0.011055442327999999,-713.6835962903285
8925,94.07284909699999,0.011506684871999998,-680.2904226996532
8926,94.07284909699999,0.011957927415999998,-648.9678794129152
8927,94.07284909699999,0.012409169959999999,-619.6381703005318
8928,94.07284909699999,0.012860412503999998,-592.2271046037151
8929,94.07284909699999,0.013311655047999998,-566.6638886473356
8930,94.07284909699999,0.013762897591999999,-542.8809318999672
8931,94.07284909699999,0.014214140135999998,-520.8136662697707
8932,94.07284909699999,0.014665382679999998,-500.40037761813096
8933,94.07284909699999,0.015116625223999999,-481.58204855899845
8934,94.07284909699999,0.015567867767999998,-464.3022116705316
8935,94.07284909699999,0.016019110312,-448.5068123447538
8936,94.07284909699999,0.016470352856,-434.14408052464023
8937,94.07284909699999,0.0169215954,-421.16441067182126
8938,94.07284909699999,0.017372837944,-409.5202493661739
8939,94.07284909699999,0.017824080488,-399.1659899381506
8940,94.07284909699999,0.018275323032,-390.05787366779697
8941,94.07284909699999,0.018726565576,-382.15389702661207
8942,94.07284909699999,0.01917780812,-375.4137245626581
8943,94.07284909699999,0.019629050664,-369.79860701708645
8944,94.07284909699999,0.020080293207999998,-365.27130429764424
8945,94.07284909699999,0.020531535752,-361.79601298092933
8946,94.07284909699999,0.020982778296,-359.33829803148654
8947,94.07284909699999,0.021434020839999998,-357.865028436836
8948,94.07284909699999,0.021885263384,-357.3443165143429
8949,94.07284909699999,0.022336505928,-357.74546062693196
8950,94.07284909699999,0.022787748471999998,-359.0388910907516
8951,94.07284909699999,0.023238991016,-361.1961190662293
8952,94.07284909699999,0.02369023356,-364.1896882355766
8953,94.07284909699999,0.024141476103999998,-367.99312908968096
8954,94.07284909699999,0.024592718648,-372.5809156586161
8955,94.07284909699999,0.025043961192,-377.92842453483235
8956,94.07284909699999,0.025495203735999998,-384.01189603975644
8957,94.07284909699999,0.02594644628,-390.80839739976216
8958,94.07284909699999,0.026397688824,-398.2957878370799
8959,94.07284909699999,0.026848931367999998,-406.45268540543304
8960,94.07284909699999,0.027300173912,-415.2584355282181
8961,94.07284909699999,0.027751416456,-424.69308107755154
8962,94.07284909699999,0.028202658999999998,-434.73733396429367
8963,94.07284909699999,0.028653901544,-445.37254808863474
8964,94.07284909699999,0.029105144088,-456.5806936537023
8965,94.07284909699999,0.029556386631999998,-468.3443326298855
8966,94.07284909699999,0.030007629176,-480.6465955086019
8967,94.07284909699999,0.03045887172,-493.4711590259968
8968,94.07284909699999,0.030910114263999998,-506.80222505093906
8969,94.07284909699999,0.031361356808,-520.6245003399933
8970,94.07284909699999,0.031812599351999996,-534.9231773273827
8971,94.07284909699999,0.032263841896,-549.6839157439813
8972,94.07284909699999,0.03271508444,-564.892825033585
8973,94.07284909699999,0.033166326983999996,-580.5364476399411
8974,94.07284909699999,0.033617569528,-596.6017429480182
8975,94.07284909699999,0.034068812072,-613.076072063347
8976,94.07284909699999,0.034520054615999995,-629.9471830593543
8977,94.07284909699999,0.03497129716,-647.2031970768235
8978,94.07284909699999,0.035422539704,-664.8325948989711
8979,94.07284909699999,0.035873782247999995,-682.8242041358064
8980,94.07284909699999,0.036325024792,-701.1671869139321
8981,94.07284909699999,0.036776267336,-719.8510281436133
8982,94.07284909699999,0.037227509879999995,-738.8655242790064
8983,94.07284909699999,0.037678752424,-758.2007724637403
8984,94.07284909699999,0.038129994968,-777.8471601943927
8985,94.07284909699999,0.038581237511999995,-797.7953554316437
8986,94.07284909699999,0.039032480056,-818.0362969569076
8987,94.07284909699999,0.0394837226,-838.5611853531632
8988,94.07284909699999,0.039934965143999995,-859.3614741433695
8989,94.07284909699999,0.040386207688,-880.4288614090615
8990,94.07284909699999,0.040837450232,-901.7552816383616
8991,94.07284909699999,0.041288692775999995,-923.3328979751132
8992,94.07284909699999,0.04173993532,-945.1540947205489
8993,94.07284909699999,0.042191177864,-967.2114701908929
8994,94.07284909699999,0.042642420407999995,-989.4978296895717
8995,94.07284909699999,0.043093662952,-1012.0061790087076
8996,94.07284909699999,0.043544905496,-1034.7297178653075
8997,94.07284909699999,0.043996148039999995,-1057.6618338660498
8998,94.07284909699999,0.044447390584,-1080.7960965110212
8999,94.07284909699999,0.044898633128,-1104.1262515020785
9000,95.123942383,0.000225621272,-2433.4016173780474
9001,95.123942383,0.000676863816,-2309.8682407286888
9002,95.123942383,0.00112810636,-2194.299079724186
9003,95.123942383,0.001579348904,-2084.5332714158785
9004,95.123942383,0.002030591448,-1980.115507374173
9005,95.123942383,0.0024818339919999996,-1880.785872482596
9006,95.123942383,0.0029330765359999998,-1786.3169025653442
9007,95.123942383,0.0033843190799999995,-1696.4921249229137
9008,95.123942383,0.0038355616239999996,-1611.1038931378457
9009,95.123942383,0.004286804168,-1529.953768229855
9010,95.123942383,0.004738046712,-1452.8528690312935
9011,95.123942383,0.0051892892559999996,-1379.621904498778
9012,95.123942383,0.0056405318,-1310.0909625324737
9013,95.123942383,0.006091774344,-1244.099152809464
9014,95.123942383,0.0065430168879999995,-1181.4941736362637
9015,95.123942383,0.006994259432,-1122.1318469899816
9016,95.123942383,0.007445501976,-1065.8756482114854
9017,95.123942383,0.007896744519999999,-1012.5962456956122
9018,95.123942383,0.008347987064,-962.1710590712347
9019,95.123942383,0.008799229607999998,-914.4838402162638
9020,95.123942383,0.009250472151999999,-869.4242789962814
9021,95.123942383,0.009701714695999999,-826.8876340465058
9022,95.123942383,0.010152957239999998,-786.7743881287829
9023,95.123942383,0.010604199783999999,-748.9899270208839
9024,95.123942383,0.011055442327999999,-713.4442406916357
9025,95.123942383,0.011506684871999998,-680.0516453691016
9026,95.123942383,0.011957927415999998,-648.73052507857
9027,95.123942383,0.012409169959999999,-619.4030912775376
9028,95.123942383,0.012860412503999998,-591.9951592488828
9029,95.123942383,0.013311655047999998,-566.4359399781408
9030,95.123942383,0.013762897591999999,-542.6578463582769
9031,95.123942383,0.014214140135999998,-520.5963126082369
9032,95.123942383,0.014665382679999998,-500.1896258981374
9033,95.123942383,0.015116625223999999,-481.37876924443907
9034,95.123942383,0.015567867767999998,-464.10727480769464
9035,95.123942383,0.016019110312,-448.32108681904765
9036,95.123942383,0.016470352856,-433.96843338537695
9037,95.123942383,0.0169215954,-420.9997065194288
9038,95.123942383,0.017372837944,-409.36734979165874
9039,95.123942383,0.017824080488,-399.0257530151758
9040,95.123942383,0.018275323032,-389.93115348904513
9041,95.123942383,0.018726565576,-382.04154327942075
9042,95.123942383,0.01917780812,-375.3165821445168
9043,95.123942383,0.019629050664,-369.7175156822694
9044,95.123942383,0.020080293207999998,-365.20709833654206
9045,95.123942383,0.020531535752,-361.7495209269688
9046,95.123942383,0.020982778296,-359.3103423939579
9047,95.123942383,0.021434020839999998,-357.85642545786953
9048,95.123942383,0.021885263384,-357.3558759476495
9049,95.123942383,0.022336505928,-357.7779855362465
9050,95.123942383,0.022787748471999998,-359.0931776679536
9051,95.123942383,0.023238991016,-361.27295646545286
9052,95.123942383,0.02369023356,-364.28985842459565
9053,95.123942383,0.024141476103999998,-368.1174067148524
9054,95.123942383,0.024592718648,-372.7300679238094
9055,95.123942383,0.025043961192,-378.10321109390173
9056,95.123942383,0.025495203735999998,-384.21306889954604
9057,95.123942383,0.02594644628,-391.0367008352886
9058,95.123942383,0.026397688824,-398.5519583153475
9059,95.123942383,0.026848931367999998,-406.73745152127725
9060,95.123942383,0.027300173912,-415.5725179462974
9061,95.123942383,0.027751416456,-425.03719248382737
9062,95.123942383,0.028202658999999998,-435.11217902653834
9063,95.123942383,0.028653901544,-445.77882342158523
9064,95.123942383,0.029105144088,-457.0190877940707
9065,95.123942383,0.029556386631999998,-468.8155260132622
9066,95.123942383,0.030007629176,-481.15126045737617
9067,95.123942383,0.03045887172,-494.00995973965183
9068,95.123942383,0.030910114263999998,-507.3758176019992
9069,95.123942383,0.031361356808,-521.2335326759337
9070,95.123942383,0.031812599351999996,-535.5682892729146
9071,95.123942383,0.032263841896,-550.3657390184135
9072,95.123942383,0.03271508444,-565.6119832573353
9073,95.123942383,0.033166326983999996,-581.2935563539712
9074,95.123942383,0.033617569528,-597.3974096404265
9075,95.123942383,0.034068812072,-613.9108961847273
9076,95.123942383,0.034520054615999995,-630.8217560586086
9077,95.123942383,0.03497129716,-648.1181024286489
9078,95.123942383,0.035422539704,-665.7884081357483
9079,95.123942383,0.035873782247999995,-683.8214928839977
9080,95.123942383,0.036325024792,-702.2065109346615
9081,95.123942383,0.036776267336,-720.9329393717512
9082,95.123942383,0.037227509879999995,-739.9905668645647
9083,95.123942383,0.037678752424,-759.3694828161729
9084,95.123942383,0.038129994968,-779.0600670318088
9085,95.123942383,0.038581237511999995,-799.0529798256487
9086,95.123942383,0.039032480056,-819.3391523856512
9087,95.123942383,0.0394837226,-839.9097777483628
9088,95.123942383,0.039934965143999995,-860.7563019492088
9089,95.123942383,0.040386207688,-881.8704156278859
9090,95.123942383,0.040837450232,-903.2440458889196
9091,95.123942383,0.041288692775999995,-924.8693485538863
9092,95.123942383,0.04173993532,-946.7387006519912
9093,95.123942383,0.042191177864,-968.8446932879417
9094,95.123942383,0.042642420407999995,-991.1801246153319
9095,95.123942383,0.043093662952,-1013.7379933294915
9096,95.123942383,0.043544905496,-1036.5114921240431
9097,95.123942383,0.043996148039999995,-1059.4940016283692
9098,95.123942383,0.044447390584,-1082.6790844359832
9099,95.123942383,0.044898633128,-1106.060479400831
9100,96.175035669,0.000225621272,-2433.383135631321
9101,96.175035669,0.000676863816,-2309.791445526206
9102,96.175035669,0.00112810636,-2194.2025885975117
9103,96.175035669,0.001579348904,-2084.426916573923
9104,96.175035669,0.002030591448,-1980.0011114994104
9105,96.175035669,0.0024818339919999996,-1880.6634128065502
9106,96.175035669,0.0029330765359999998,-1786.186018458975
9107,96.175035669,0.0033843190799999995,-1696.3525083926404
9108,96.175035669,0.0038355616239999996,-1610.9553811063954
9109,96.175035669,0.004286804168,-1529.7963500580076
9110,96.175035669,0.004738046712,-1452.686670946624
9111,96.175035669,0.0051892892559999996,-1379.4471697216538
9112,96.175035669,0.0056405318,-1309.9080327023692
9113,96.175035669,0.006091774344,-1243.908452078096
9114,96.175035669,0.0065430168879999995,-1181.2961954429322
9115,96.175035669,0.006994259432,-1121.9271431584677
9116,96.175035669,0.007445501976,-1065.6648199520089
9117,96.175035669,0.007896744519999999,-1012.3799361353322
9118,96.175035669,0.008347987064,-961.9499470105874
9119,96.175035669,0.008799229607999998,-914.2586348699025
9120,96.175035669,0.009250472151999999,-869.195715524156
9121,96.175035669,0.009701714695999999,-826.6564697290826
9122,96.175035669,0.010152957239999998,-786.5413990708084
9123,96.175035669,0.010604199783999999,-748.7559052903289
9124,96.175035669,0.011055442327999999,-713.2099918202063
9125,96.175035669,0.011506684871999998,-679.8179861595179
9126,96.175035669,0.011957927415999998,-648.4982816685703
9127,96.175035669,0.012409169959999999,-619.1730974241646
9128,96.175035669,0.012860412503999998,-591.7682548005064
9129,96.175035669,0.013311655047999998,-566.2129695110718
9130,96.175035669,0.013762897591999999,-542.4396579536449
9131,96.175035669,0.014214140135999998,-520.3837567527526
9132,96.175035669,0.014665382679999998,-499.9835544941527
9133,96.175035669,0.015116625223999999,-481.18003471542056
9134,96.175035669,0.015567867767999998,-463.9167292886509
9135,96.175035669,0.016019110312,-448.13958142280313
9136,96.175035669,0.016470352856,-433.7968175359579
9137,96.175035669,0.0169215954,-420.8388273453489
9138,96.175035669,0.017372837944,-409.21805157648924
9139,96.175035669,0.017824080488,-398.8888766937603
9140,96.175035669,0.018275323032,-389.8075361892494
9141,96.175035669,0.018726565576,-381.9320179055553
9142,96.175035669,0.01917780812,-375.2219769951691
9143,96.175035669,0.019629050664,-369.63865410325735
9144,96.175035669,0.020080293207999998,-365.14479840301016
9145,96.175035669,0.020531535752,-361.70459515424017
9146,96.175035669,0.020982778296,-359.28359747349674
9147,96.175035669,0.021434020839999998,-357.8486620169955
9148,96.175035669,0.021885263384,-357.36788833017954
9149,96.175035669,0.022336505928,-357.81056160386066
9150,96.175035669,0.022787748471999998,-359.14709861927594
9151,96.175035669,0.023238991016,-361.348996672272
9152,96.175035669,0.02369023356,-364.38878528362903
9153,96.175035669,0.024141476103999998,-368.2399805144791
9154,96.175035669,0.024592718648,-372.87704172355006
9155,96.175035669,0.025043961192,-378.275330616677
9156,96.175035669,0.025495203735999998,-384.4110724358358
9157,96.175035669,0.02594644628,-391.26131915808793
9158,96.175035669,0.026397688824,-398.80391460419554
9159,96.175035669,0.026848931367999998,-407.01746129710426
9160,96.175035669,0.027300173912,-415.8812890139952
9161,96.175035669,0.027751416456,-425.3754248833347
9162,96.175035669,0.028202658999999998,-435.4805649904985
9163,96.175035669,0.028653901544,-446.1780473436423
9164,96.175035669,0.029105144088,-457.44982619685896
9165,96.175035669,0.029556386631999998,-469.27844753245097
9166,96.175035669,0.030007629176,-481.6470258218453
9167,96.175035669,0.03045887172,-494.5392217622995
9168,96.175035669,0.030910114263999998,-507.9392211758586
9169,96.175035669,0.031361356808,-521.8317147726059
9170,96.175035669,0.031812599351999996,-536.2018789485101
9171,96.175035669,0.032263841896,-551.0353574187202
9172,96.175035669,0.03271508444,-566.3182436349789
9173,96.175035669,0.033166326983999996,-582.0370640789954
9174,96.175035669,0.033617569528,-598.1787622243952
9175,96.175035669,0.034068812072,-614.7306833009902
9176,96.175035669,0.034520054615999995,-631.6805595684962
9177,96.175035669,0.03497129716,-649.0164964119301
9178,96.175035669,0.035422539704,-666.7269589181753
9179,96.175035669,0.035873782247999995,-684.8007590741822
9180,96.175035669,0.036325024792,-703.2270434615766
9181,96.175035669,0.036776267336,-721.9952815187371
9182,96.175035669,0.037227509879999995,-741.0952543136561
9183,96.175035669,0.037678752424,-760.5170436890634
9184,96.175035669,0.038129994968,-780.2510219352621
9185,96.175035669,0.038581237511999995,-800.2878418933274
9186,96.175035669,0.039032480056,-820.6184273321862
9187,96.175035669,0.0394837226,-841.2339639131867
9188,96.175035669,0.039934965143999995,-862.1258903490115
9189,96.175035669,0.040386207688,-883.2858900101662
9190,96.175035669,0.040837450232,-904.7058827822043
9191,96.175035669,0.041288692775999995,-926.3780173190393
9192,96.175035669,0.04173993532,-948.2946635435185
9193,96.175035669,0.042191177864,-970.448405505131
9194,96.175035669,0.042642420407999995,-992.8320343650953
9195,96.175035669,0.043093662952,-1015.4385418754332
9196,96.175035669,0.043544905496,-1038.2611138466673
9197,96.175035669,0.043996148039999995,-1061.2931240947528
9198,96.175035669,0.044447390584,-1084.5281284444254
9199,96.175035669,0.044898633128,-1107.959859055005
9200,97.226128955,0.000225621272,-2433.365196012992
9201,97.226128955,0.000676863816,-2309.7154579495873
9202,97.226128955,0.00112810636,-2194.106922477637
9203,97.226128955,0.001579348904,-2084.3215540883166
9204,97.226128955,0.002030591448,-1979.8879563159112
9205,97.226128955,0.0024818339919999996,-1880.5424762866637
9206,97.226128955,0.0029330765359999998,-1786.0569510942705
9207,97.226128955,0.0033843190799999995,-1696.215001783289
9208,97.226128955,0.0038355616239999996,-1610.8092656062356
9209,97.226128955,0.004286804168,-1529.6416049156874
9210,97.226128955,0.004738046712,-1452.523410088894
9211,97.226128955,0.0051892892559999996,-1379.2756226231443
9212,97.226128955,0.0056405318,-1309.7285262430403
9213,97.226128955,0.006091774344,-1243.7213949036577
9214,97.226128955,0.0065430168879999995,-1181.102064916279
9215,97.226128955,0.006994259432,-1121.7264745786076
9216,97.226128955,0.007445501976,-1065.4581976432933
9217,97.226128955,0.007896744519999999,-1012.1679860491522
9218,97.226128955,0.008347987064,-961.7333305375278
9219,97.226128955,0.008799229607999998,-914.0380436252361
9220,97.226128955,0.009250472151999999,-868.971866919815
9221,97.226128955,0.009701714695999999,-826.4301031838756
9222,97.226128955,0.010152957239999998,-786.313272743774
9223,97.226128955,0.010604199783999999,-748.5267932471247
9224,97.226128955,0.011055442327999999,-712.9806815597337
9225,97.226128955,0.011506684871999998,-679.5892764422823
9226,97.226128955,0.011957927415999998,-648.2709806016804
9227,97.226128955,0.012409169959999999,-618.9480207636557
9228,97.226128955,0.012860412503999998,-591.5462244414582
9229,97.226128955,0.013311655047999998,-565.9948121391806
9230,97.226128955,0.013762897591999999,-542.2262038359488
9231,97.226128955,0.014214140135999998,-520.1758386535091
9232,97.226128955,0.014665382679999998,-499.78200669450007
9233,97.226128955,0.015116625223999999,-480.9856921313767
9234,97.226128955,0.015567867767999998,-463.73042667131944
9235,97.226128955,0.016019110312,-447.9621526334599
9236,97.226128955,0.016470352856,-433.6290948883487
9237,97.226128955,0.0169215954,-420.6816410078553
9238,97.226128955,0.017372837944,-409.0722290266728
9239,97.226128955,0.017824080488,-398.75524222367534
9240,97.226128955,0.018275323032,-389.6869104523378
9241,97.226128955,0.018726565576,-381.82521750465094
9242,97.226128955,0.01917780812,-375.1298141059832
9243,97.226128955,0.019629050664,-369.5619361305457
9244,97.226128955,0.020080293207999998,-365.08432766771176
9245,97.226128955,0.020531535752,-361.66116860694575
9246,97.226128955,0.020982778296,-359.25800643382354
9247,97.226128955,0.021434020839999998,-357.84169193550684
9248,97.226128955,0.021885263384,-357.38031857207204
9249,97.226128955,0.022336505928,-357.84316525165747
9250,97.226128955,0.022787748471999998,-359.2006422939691
9251,97.226128955,0.023238991016,-361.4242403711337
9252,97.226128955,0.02369023356,-364.48648223300785
9253,97.226128955,0.024141476103999998,-368.36087703697564
9254,97.226128955,0.024592718648,-373.02187711947374
9255,97.226128955,0.025043961192,-378.44483705594985
9256,97.226128955,0.025495203735999998,-384.605974862357
9257,97.226128955,0.02594644628,-391.48233520507824
9258,97.226128955,0.026397688824,-399.05175451888005
9259,97.226128955,0.026848931367999998,-407.29282787405157
9260,97.226128955,0.027300173912,-416.18487753781636
9261,97.226128955,0.027751416456,-425.7079230800318
9262,97.226128955,0.028202658999999998,-435.8426529850843
9263,97.226128955,0.028653901544,-446.57039762404224
9264,97.226128955,0.029105144088,-457.87310358670237
9265,97.226128955,0.029556386631999998,-469.7333091683358
9266,97.226128955,0.030007629176,-482.1341211359343
9267,97.226128955,0.03045887172,-495.05919247300847
9268,97.226128955,0.030910114263999998,-508.4927012790204
9269,97.226128955,0.031361356808,-522.4193305419903
9270,97.226128955,0.031812599351999996,-536.8242489381564
9271,97.226128955,0.032263841896,-551.6930924688909
9272,97.226128955,0.03271508444,-567.0119468817386
9273,97.226128955,0.033166326983999996,-582.7673309748864
9274,97.226128955,0.033617569528,-598.9461805479004
9275,97.226128955,0.034068812072,-615.5358331839242
9276,97.226128955,0.034520054615999995,-632.5240135184636
9277,97.226128955,0.03497129716,-649.8988193368168
9278,97.226128955,0.035422539704,-667.6487081591247
9279,97.226128955,0.035873782247999995,-685.762484435006
9280,97.226128955,0.036325024792,-704.2292872438168
9281,97.226128955,0.036776267336,-723.038578560172
9282,97.226128955,0.037227509879999995,-742.1801320236643
9283,97.226128955,0.037678752424,-761.644022090029
9284,97.226128955,0.038129994968,-781.4206137072617
9285,97.226128955,0.038581237511999995,-801.5005524150679
9286,97.226128955,0.039032480056,-821.8747547295754
9287,97.226128955,0.0394837226,-842.5343991037075
9288,97.226128955,0.039934965143999995,-863.4709170891149
9289,97.226128955,0.040386207688,-884.6759849474264
9290,97.226128955,0.040837450232,-906.1415155047789
9291,97.226128955,0.041288692775999995,-927.8596504105033
9292,97.226128955,0.04173993532,-949.8227526318899
9293,97.226128955,0.042191177864,-972.0233993178854
9294,97.226128955,0.042642420407999995,-994.4543747841649
9295,97.226128955,0.043093662952,-1017.1086639928715
9296,97.226128955,0.043544905496,-1039.9794460234684
9297,97.226128955,0.043996148039999995,-1063.0600880096977
9298,97.226128955,0.044447390584,-1086.3441391636807
9299,97.226128955,0.044898633128,-1109.8253250796886
9300,98.27722224099999,0.000225621272,-2433.347784413285
9301,98.27722224099999,0.000676863816,-2309.640264763534
9302,98.27722224099999,0.00112810636,-2194.012061208625
9303,98.27722224099999,0.001579348904,-2084.217153324919
9304,98.27722224099999,0.002030591448,-1979.7760003022145
9305,98.27722224099999,0.0024818339919999996,-1880.4230108062816
9306,98.27722224099999,0.0029330765359999998,-1785.9296381963325
9307,98.27722224099999,0.0033843190799999995,-1696.079533124476
9308,98.27722224099999,0.0038355616239999996,-1610.665465437388
9309,98.27722224099999,0.004286804168,-1529.4894428409686
9310,98.27722224099999,0.004738046712,-1452.3629882072478
9311,98.27722224099999,0.0051892892559999996,-1379.1071571409313
9312,98.27722224099999,0.0056405318,-1309.5523297677469
9313,98.27722224099999,0.006091774344,-1243.5378610705286
9314,98.27722224099999,0.0065430168879999995,-1180.911655514837
9315,98.27722224099999,0.006994259432,-1121.5297088931388
9316,98.27722224099999,0.007445501976,-1065.2556436306977
9317,98.27722224099999,0.007896744519999999,-1011.9602530085606
9318,98.27722224099999,0.008347987064,-961.521062978218
9319,98.27722224099999,0.008799229607999998,-913.821916096284
9320,98.27722224099999,0.009250472151999999,-868.7525796208201
9321,98.27722224099999,0.009701714695999999,-826.2083782098065
9322,98.27722224099999,0.010152957239999998,-786.0898508477002
9323,98.27722224099999,0.010604199783999999,-748.3024310325927
9324,98.27722224099999,0.011055442327999999,-712.75614903198
9325,98.27722224099999,0.011506684871999998,-679.3653548585814
9326,98.27722224099999,0.011957927415999998,-648.0484605751712
9327,98.27722224099999,0.012409169959999999,-618.7277005849422
9328,98.27722224099999,0.012860412503999998,-591.3289085847321
9329,98.27722224099999,0.013311655047999998,-565.7813099281633
9330,98.27722224099999,0.013762897591999999,-542.0173282501486
9331,98.27722224099999,0.014214140135999998,-519.9724052541944
9332,98.27722224099999,0.014665382679999998,-499.58483265942664
9333,98.27722224099999,0.015116625223999999,-480.7955953809528
9334,98.27722224099999,0.015567867767999998,-463.5482250792015
9335,98.27722224099999,0.016019110312,-447.78866331097396
9336,98.27722224099999,0.016470352856,-433.4651335349666
9337,98.27722224099999,0.0169215954,-420.52802131994446
9338,98.27722224099999,0.017372837944,-408.92976216065927
9339,98.27722224099999,0.017824080488,-398.62473630567615
9340,98.27722224099999,0.018275323032,-389.5691701315382
9341,98.27722224099999,0.018726565576,-381.72104354675184
9342,98.27722224099999,0.01917780812,-375.04000302043966
9343,98.27722224099999,0.019629050664,-369.48727983229134
9344,98.27722224099999,0.020080293207999998,-365.02561316634393
9345,98.27722224099999,0.020531535752,-361.619177724939
9346,98.27722224099999,0.020982778296,-359.2335155477679
9347,98.27722224099999,0.021434020839999998,-357.83547174155314
9348,98.27722224099999,0.021885263384,-357.39313387127174
9349,98.27722224099999,0.022336505928,-357.87577475505117
9350,98.27722224099999,0.022787748471999998,-359.25379844528345
9351,98.27722224099999,0.023238991016,-361.49868918574685
9352,98.27722224099999,0.02369023356,-364.58296315263675
9353,98.27722224099999,0.024141476103999998,-368.480122797479
9354,98.27722224099999,0.024592718648,-373.16461363247225
9355,98.27722224099999,0.025043961192,-378.6117833020506
9356,98.27722224099999,0.025495203735999998,-384.79784279591865
9357,98.27722224099999,0.02594644628,-391.6998296691476
9358,98.27722224099999,0.026397688824,-399.29557316995846
9359,98.27722224099999,0.026848931367999998,-407.5636611159044
9360,98.27722224099999,0.027300173912,-416.48340846388516
9361,98.27722224099999,0.027751416456,-426.0348274229547
9362,98.27722224099999,0.028202658999999998,-436.19859907454986
9363,98.27722224099999,0.028653901544,-446.9560463515179
9364,98.27722224099999,0.029105144088,-458.2891083757372
9365,98.27722224099999,0.029556386631999998,-470.1803159512669
9366,98.27722224099999,0.030007629176,-482.61276833605126
9367,98.27722224099999,0.03045887172,-495.57011099221
9368,98.27722224099999,0.030910114263999998,-509.0365144911481
9369,98.27722224099999,0.031361356808,-522.9966542889379
9370,98.27722224099999,0.031812599351999996,-537.4356915327742
9371,98.27722224099999,0.032263841896,-552.3392546993982
9372,98.27722224099999,0.03271508444,-567.6934220202957
9373,98.27722224099999,0.033166326983999996,-583.4847047926619
9374,98.27722224099999,0.033617569528,-599.7000313313786
9375,98.27722224099999,0.034068812072,-616.3267317509251
9376,98.27722224099999,0.034520054615999995,-633.3525232453729
9377,98.27722224099999,0.03497129716,-650.7654961798951
9378,98.27722224099999,0.035422539704,-668.5541006865224
9379,98.27722224099999,0.035873782247999995,-686.7071338506098
9380,98.27722224099999,0.036325024792,-705.2137274263532
9381,98.27722224099999,0.036776267336,-724.0633360942403
9382,98.27722224099999,0.037227509879999995,-743.2457262367074
9383,98.27722224099999,0.037678752424,-762.7509650964122
9384,98.27722224099999,0.038129994968,-782.5694104363297
9385,98.27722224099999,0.038581237511999995,-802.691700664694
9386,98.27722224099999,0.039032480056,-823.1087452050101
9387,98.27722224099999,0.0394837226,-843.8117154632084
9388,98.27722224099999,0.039934965143999995,-864.7920359909875
9389,98.27722224099999,0.040386207688,-886.0413760967813
9390,98.27722224099999,0.040837450232,-907.5516417020921
9391,98.27722224099999,0.041288692775999995,-929.3149676019392
9392,98.27722224099999,0.04173993532,-951.323709961699
9393,98.27722224099999,0.042191177864,-973.5704391768381
9394,98.27722224099999,0.042642420407999995,-996.0479328641048
9395,98.27722224099999,0.043093662952,-1018.7491693428294
9396,98.27722224099999,0.043544905496,-1041.6673211012176
9397,98.27722224099999,0.043996148039999995,-1064.7957487361928
9398,98.27722224099999,0.044447390584,-1088.1279949804634
9399,98.27722224099999,0.044898633128,-1111.6577790022106
9400,99.328315527,0.000225621272,-2433.330887145197
9401,99.328315527,0.000676863816,-2309.5658532135894
9402,99.328315527,0.00112810636,-2193.917985580436
9403,99.328315527,0.001579348904,-2084.1136850767725
9404,99.328315527,0.002030591448,-1979.6652038190157
9405,99.328315527,0.0024818339919999996,-1880.3049665616131
9406,99.328315527,0.0029330765359999998,-1785.8040202153938
9407,99.328315527,0.0033843190799999995,-1695.946033565664
9408,99.328315527,0.0038355616239999996,-1610.5239028973149
9409,99.328315527,0.004286804168,-1529.3397777295547
9410,99.328315527,0.004738046712,-1452.2053112486387
9411,99.328315527,0.0051892892559999996,-1378.9416717344675
9412,99.328315527,0.0056405318,-1309.3793347156793
9413,99.328315527,0.006091774344,-1243.3577354729603
9414,99.328315527,0.0065430168879999995,-1180.7248460709575
9415,99.328315527,0.006994259432,-1121.3367193624372
9416,99.328315527,0.007445501976,-1065.0570261003284
9417,99.328315527,0.007896744519999999,-1011.7566006283482
9418,99.328315527,0.008347987064,-961.3130038819156
9419,99.328315527,0.008799229607999998,-913.6101082784874
9420,99.328315527,0.009250472151999999,-868.5377065842642
9421,99.328315527,0.009701714695999999,-825.9911452412682
9422,99.328315527,0.010152957239999998,-785.8709818116506
9423,99.328315527,0.010604199783999999,-748.0826655894363
9424,99.328315527,0.011055442327999999,-712.5362402114686
9425,99.328315527,0.011506684871999998,-679.146066931527
9426,99.328315527,0.011957927415999998,-647.8305671773237
9427,99.328315527,0.012409169959999999,-618.5119830548643
9428,99.328315527,0.012860412503999998,-591.1161544865893
9429,99.328315527,0.013311655047999998,-565.5723117322057
9430,99.328315527,0.013762897591999999,-541.8128821527431
9431,99.328315527,0.014214140135999998,-519.7733101158335
9432,99.328315527,0.014665382679999998,-499.391889049919
9433,99.328315527,0.015116625223999999,-480.609604716685
9434,99.328315527,0.015567867767999998,-463.36998884424116
9435,99.328315527,0.016019110312,-447.61898234856744
9436,99.328315527,0.016470352856,-433.30480740608476
9437,99.328315527,0.0169215954,-420.37784772091413
9438,99.328315527,0.017372837944,-408.7905363906404
9439,99.328315527,0.017824080488,-398.4972507837991
9440,99.328315527,0.018275323032,-389.4542139565158
9441,99.328315527,0.018726565576,-381.6194020926887
9442,99.328315527,0.01917780812,-374.9524575713301
9443,99.328315527,0.019629050664,-369.414607245869
9444,99.328315527,0.020080293207999998,-364.9685855680895
9445,99.328315527,0.020531535752,-361.5785622287877
9446,99.328315527,0.020982778296,-359.2100740008772
9447,99.328315527,0.021434020839999998,-357.8299604918979
9448,99.328315527,0.021885263384,-357.40630355536945
9449,99.328315527,0.022336505928,-357.9083701049398
9450,99.328315527,0.022787748471999998,-359.30655811309254
9451,99.328315527,0.023238991016,-361.57234558408544
9452,99.328315527,0.02369023356,-364.67824230971627
9453,99.328315527,0.024141476103999998,-368.5977442273881
9454,99.328315527,0.024592718648,-373.30529021590456
9455,99.328315527,0.025043961192,-378.7762211814103
9456,99.328315527,0.025495203735999998,-384.9867412796183
9457,99.328315527,0.02594644628,-391.91388114734866
9458,99.328315527,0.026397688824,-399.5354630387306
9459,99.328315527,0.026848931367999998,-407.8300677116152
9460,99.328315527,0.027300173912,-416.7770030043728
9461,99.328315527,0.027751416456,-426.3562739588671
9462,99.328315527,0.028202658999999998,-436.5485544442293
9463,99.328315527,0.028653901544,-447.3351601456659
9464,99.328315527,0.029105144088,-458.69802290752085
9465,99.328315527,0.029556386631999998,-470.6196662318369
9466,99.328315527,0.030007629176,-483.0831820570808
9467,99.328315527,0.03045887172,-496.07220851175947
9468,99.328315527,0.030910114263999998,-509.5709088237547
9469,99.328315527,0.031361356808,-523.563951104406
9470,99.328315527,0.031812599351999996,-538.0364891543388
9471,99.328315527,0.032263841896,-552.9741441075547
9472,99.328315527,0.03271508444,-568.362986864842
9473,99.328315527,0.033166326983999996,-584.1895213981004
9474,99.328315527,0.033617569528,-600.440668718692
9475,99.328315527,0.034068812072,-617.1037516485412
9476,99.328315527,0.034520054615999995,-634.1664801138002
9477,99.328315527,0.03497129716,-651.6169372372023
9478,99.328315527,0.035422539704,-669.4435659292212
9479,99.328315527,0.035873782247999995,-687.6351560879698
9480,99.328315527,0.036325024792,-706.1808323060868
9481,99.328315527,0.036776267336,-725.070042139447
9482,99.328315527,0.037227509879999995,-744.2925448797621
9483,99.328315527,0.037678752424,-763.8384007109546
9484,99.328315527,0.038129994968,-783.6979603859404
9485,99.328315527,0.038581237511999995,-803.8618553320091
9486,99.328315527,0.039032480056,-824.3209880404099
9487,99.328315527,0.0394837226,-845.0665230269044
9488,99.328315527,0.039934965143999995,-866.0898779966842
9489,99.328315527,0.040386207688,-887.3827154570195
9490,99.328315527,0.040837450232,-908.9369345750792
9491,99.328315527,0.041288692775999995,-930.7446634398561
9492,99.328315527,0.04173993532,-952.7982515591777
9493,99.328315527,0.042191177864,-975.0902627273281
9494,99.328315527,0.042642420407999995,-997.6134679970671
9495,99.328315527,0.043093662952,-1020.3608391856976
9496,99.328315527,0.043544905496,-1043.3255423299838
9497,99.328315527,0.043996148039999995,-1066.5009316287715
9498,99.328315527,0.044447390584,-1089.8805434673084
9499,99.328315527,0.044898633128,-1113.4580907250345
9500,100.379408813,0.000225621272,-2433.31449092928
9501,100.379408813,0.000676863816,-2309.492210997654
9502,100.379408813,0.00112810636,-2193.824677275641
9503,100.379408813,0.001579348904,-2084.01112148669
9504,100.379408813,0.002030591448,-1979.5555290081784
9505,100.379408813,0.0024818339919999996,-1880.1882959402571
9506,100.379408813,0.0029330765359999998,-1785.6800401841022
9507,100.379408813,0.0033843190799999995,-1695.814437213374
9508,100.379408813,0.0038355616239999996,-1610.3845035978982
9509,100.379408813,0.004286804168,-1529.1925271325956
9510,100.379408813,0.004738046712,-1452.0502891403257
9511,100.379408813,0.0051892892559999996,-1378.7790691496716
9512,100.379408813,0.0056405318,-1309.2094371002459
9513,100.379408813,0.006091774344,-1243.1809078486508
9514,100.379408813,0.0065430168879999995,-1180.5415205112988
9515,100.379408813,0.006994259432,-1121.1473845732412
9516,100.379408813,0.007445501976,-1064.8622187747094
9517,100.379408813,0.007896744519999999,-1011.556898249826
9518,100.379408813,0.008347987064,-961.1090186973001
9519,100.379408813,0.008799229607999998,-913.4024822181907
9520,100.379408813,0.009250472151999999,-868.3271069464818
9521,100.379408813,0.009701714695999999,-825.7782610020115
9522,100.379408813,0.010152957239999998,-785.6565204436542
9523,100.379408813,0.010604199783999999,-747.8673503071443
9524,100.379408813,0.011055442327999999,-712.3208075671575
9525,100.379408813,0.011506684871999998,-678.9312647067529
9526,100.379408813,0.011957927415999998,-647.6171525254856
9527,100.379408813,0.012409169959999999,-618.3007208563586
9528,100.379408813,0.012860412503999998,-590.9078158867584
9529,100.379408813,0.013311655047999998,-565.3676728369915
9530,100.379408813,0.013762897591999999,-541.6127228592138
9531,100.379408813,0.014214140135999998,-519.578413065025
9532,100.379408813,0.014665382679999998,-499.2030386813326
9533,100.379408813,0.015116625223999999,-480.4275864168377
9534,100.379408813,0.015567867767999998,-463.1955881745995
9535,100.379408813,0.016019110312,-447.45298434765414
9536,100.379408813,0.016470352856,-433.14799595582195
9537,100.379408813,0.0169215954,-420.2310049692464
9538,100.379408813,0.017372837944,-408.65444222744077
9539,100.379408813,0.017824080488,-398.372682363423
9540,100.379408813,0.018275323032,-389.3419452610782
9541,100.379408813,0.018726565576,-381.52020353579024
9542,100.379408813,0.01917780812,-374.86709563468963
9543,100.379408813,0.019629050664,-369.34384414718534
9544,100.379408813,0.020080293207999998,-364.91317895977323
9545,100.379408813,0.020531535752,-361.5392649207887
9546,100.379408813,0.020982778296,-359.1876337089733
9547,100.379408813,0.021434020839999998,-357.82511960723446
9548,100.379408813,0.021885263384,-357.41979893488167
9549,100.379408813,0.022336505928,-357.94093288015404
9550,100.379408813,0.022787748471999998,-359.3589135159498
9551,100.379408813,0.023238991016,-361.64521278915225
9552,100.379408813,0.02369023356,-364.7723342910306
9553,100.379408813,0.024141476103999998,-368.71376762790305
9554,100.379408813,0.024592718648,-373.4439452313412
9555,100.379408813,0.025043961192,-378.9382014540167
9556,100.379408813,0.025495203735999998,-385.1727338038355
9557,100.379408813,0.02594644628,-392.12456618536595
9558,100.379408813,0.026397688824,-399.7715140453885
9559,100.379408813,0.026848931367999998,-408.092151267718
9560,100.379408813,0.027300173912,-417.0657787590412
9561,100.379408813,0.027751416456,-426.6723945780283
9562,100.379408813,0.028202658999999998,-436.8926655671398
9563,100.379408813,0.028653901544,-447.7079003505857
9564,100.379408813,0.029105144088,-459.10002367741254
9565,100.379408813,0.029556386631999998,-471.0515519318964
9566,100.379408813,0.030007629176,-483.5455699136202
9567,100.379408813,0.03045887172,-496.5657085996406
9568,100.379408813,0.030910114263999998,-510.0961240554785
9569,100.379408813,0.031361356808,-524.1214772259444
9570,100.379408813,0.031812599351999996,-538.6269147445546
9571,100.379408813,0.032263841896,-553.5980505790646
9572,100.379408813,0.03271508444,-569.020948474028
9573,100.379408813,0.033166326983999996,-584.8821052523106
9574,100.379408813,0.033617569528,-601.16843479109
9575,100.379408813,0.034068812072,-617.8672527941955
9576,100.379408813,0.034520054615999995,-634.966262090192
9577,100.379408813,0.03497129716,-652.4535387249891
9578,100.379408813,0.035422539704,-670.3175185571902
9579,100.379408813,0.035873782247999995,-688.5469844608863
9580,100.379408813,0.036325024792,-707.1310540302693
9581,100.379408813,0.036776267336,-726.0591678603053
9582,100.379408813,0.037227509879999995,-745.3210783090074
9583,100.379408813,0.037678752424,-764.9068386651184
9584,100.379408813,0.038129994968,-784.8067928239998
9585,100.379408813,0.038581237511999995,-805.0115653887528
9586,100.379408813,0.039032480056,-825.5120520714629
9587,100.379408813,0.0394837226,-846.299410651507
9588,100.379408813,0.039934965143999995,-867.3650521313822
9589,100.379408813,0.040386207688,-888.7006323658842
9590,100.379408813,0.040837450232,-910.2980439207363
9591,100.379408813,0.041288692775999995,-932.1494083173083
9592,100.379408813,0.04173993532,-954.2470685492613
9593,100.379408813,0.042191177864,-976.583581941908
9594,100.379408813,0.042642420407999995,-999.1517131370038
9595,100.379408813,0.043093662952,-1021.9444275816602
9596,100.379408813,0.043544905496,-1044.9548849905061
9597,100.379408813,0.043996148039999995,-1068.176433301476
9598,100.379408813,0.044447390584,-1091.602602685419
9599,100.379408813,0.044898633128,-1115.2270998518457
9600,101.430502099,0.000225621272,-2433.2985828784044
9601,101.430502099,0.000676863816,-2309.419326240474
9602,101.430502099,0.00112810636,-2193.7321188182664
9603,101.430502099,0.001579348904,-2083.9094359729197
9604,101.430502099,0.002030591448,-1979.4469396974648
9605,101.430502099,0.0024818339919999996,-1880.0729534045017
9606,101.430502099,0.0029330765359999998,-1785.5576435812757
9607,101.430502099,0.0033843190799999995,-1695.6846809748165
9608,101.430502099,0.0038355616239999996,-1610.247196291623
9609,101.430502099,0.004286804168,-1529.0476120647218
9610,101.430502099,0.004738046712,-1451.8978355805848
9611,101.430502099,0.0051892892559999996,-1378.619256193375
9612,101.430502099,0.0056405318,-1309.0425372698073
9613,101.430502099,0.006091774344,-1243.0072725261534
9614,101.430502099,0.0065430168879999995,-1180.361567589898
9615,101.430502099,0.006994259432,-1120.96158815788
9616,101.430502099,0.007445501976,-1064.6711006233147
9617,101.430502099,0.007896744519999999,-1011.3610206423778
9618,101.430502099,0.008347987064,-960.9089784618345
9619,101.430502099,0.008799229607999998,-913.198905692364
9620,101.430502099,0.009250472151999999,-868.1206456992902
9621,101.430502099,0.009701714695999999,-825.5695881735514
9622,101.430502099,0.010152957239999998,-785.4463275934206
9623,101.430502099,0.010604199783999999,-747.6563446821003
9624,101.430502099,0.011055442327999999,-712.1097097200977
9625,101.430502099,0.011506684871999998,-678.7208064070281
9626,101.430502099,0.011957927415999998,-647.408074920732
9627,101.430502099,0.012409169959999999,-618.0937728435395
9628,101.430502099,0.012860412503999998,-590.7037526643901
9629,101.430502099,0.013311655047999998,-565.1672546151583
9630,101.430502099,0.013762897591999999,-541.4167137033191
9631,101.430502099,0.014214140135999998,-519.3875798592678
9632,101.430502099,0.014665382679999998,-499.01815019445195
9633,101.430502099,0.015116625223999999,-480.2494124590649
9634,101.430502099,0.015567867767999998,-463.0248988363486
9635,101.430502099,0.016019110312,-447.2905493090571
9636,101.430502099,0.016470352856,-432.99458385943893
9637,101.430502099,0.0169215954,-420.0873828511027
9638,101.430502099,0.017372837944,-408.5213749986197
9639,101.430502099,0.017824080488,-398.2509323379103
9640,101.430502099,0.018275323032,-389.2322717255605
9641,101.430502099,0.018726565576,-381.4233623561136
9642,101.430502099,0.01917780812,-374.7838388974717
9643,101.430502099,0.019629050664,-369.2749198330437
9644,101.430502099,0.020080293207999998,-364.8593306432269
9645,101.430502099,0.020531535752,-361.5012314979219
9646,101.430502099,0.020982778296,-359.1661491474224
9647,101.430502099,0.021434020839999998,-357.82091271889124
9648,101.430502099,0.021885263384,-357.43359316801553
9649,101.430502099,0.022336505928,-357.9734461303
9650,101.430502099,0.022787748471999998,-359.41085795352905
9651,101.430502099,0.023238991016,-361.71729470286306
9652,101.430502099,0.02369023356,-364.86525394555696
9653,101.430502099,0.024141476103999998,-368.8282191353698
9654,101.430502099,0.024592718648,-373.5806164348307
9655,101.430502099,0.025043961192,-379.0977738220989
9656,101.430502099,0.025495203735999998,-385.3558823375883
9657,101.430502099,0.02594644628,-392.3319593328122
9658,101.430502099,0.026397688824,-400.0038136276396
9659,101.430502099,0.026848931367999998,-408.3500124118269
9660,101.430502099,0.027300173912,-417.3498498395927
9661,101.430502099,0.027751416456,-426.9833171661167
9662,101.430502099,0.028202658999999998,-437.23107438838946
9663,101.430502099,0.028653901544,-448.074423244632
9664,101.430502099,0.029105144088,-459.49528156736693
9665,101.430502099,0.029556386631999998,-471.47615880234616
9666,101.430502099,0.030007629176,-484.00013278562756
9667,101.430502099,0.03045887172,-497.0508275182004
9668,101.430502099,0.030910114263999998,-510.61239207690136
9669,101.430502099,0.031361356808,-524.669480415308
9670,101.430502099,0.031812599351999996,-539.2072321718955
9671,101.430502099,0.032263841896,-554.2112543184957
9672,101.430502099,0.03271508444,-569.6676036132961
9673,101.430502099,0.033166326983999996,-585.5627699008307
9674,101.430502099,0.033617569528,-601.8836600901892
9675,101.430502099,0.034068812072,-618.6175829331461
9676,101.430502099,0.034520054615999995,-635.7522343260628
9677,101.430502099,0.03497129716,-653.2756834001157
9678,101.430502099,0.035422539704,-671.1763591244637
9679,101.430502099,0.035873782247999995,-689.4430375065474
9680,101.430502099,0.036325024792,-708.0648293090763
9681,101.430502099,0.036776267336,-727.0311683131093
9682,101.430502099,0.037227509879999995,-746.3318001044638
9683,101.430502099,0.037678752424,-765.9567712289136
9684,101.430502099,0.038129994968,-785.8964188733929
9685,101.430502099,0.038581237511999995,-806.1413609710985
9686,101.430502099,0.039032480056,-826.6824866034194
9687,101.430502099,0.0394837226,-847.5109469554588
9688,101.430502099,0.039934965143999995,-868.6181464799033
9689,101.430502099,0.040386207688,-889.9957345208711
9690,101.430502099,0.040837450232,-911.6355971728685
9691,101.430502099,0.041288692775999995,-933.5298495430266
9692,101.430502099,0.04173993532,-955.6708282458405
9693,101.430502099,0.042191177864,-978.0510842774963
9694,101.430502099,0.042642420407999995,-1000.663375993096
9695,101.430502099,0.043093662952,-1023.5006626083832
9696,101.430502099,0.043544905496,-1046.5560976508657
9697,101.430502099,0.043996148039999995,-1069.8230229199248
9698,101.430502099,0.044447390584,-1093.294962498424
9699,101.430502099,0.044898633128,-1116.9656170655999
9700,102.48159538499999,0.000225621272,-2433.2831504845717
9701,102.48159538499999,0.000676863816,-2309.3471874697407
9702,102.48159538499999,0.00112810636,-2193.640293526919
9703,102.48159538499999,0.001579348904,-2083.8086031616244
9704,102.48159538499999,0.002030591448,-1979.3394013128518
9705,102.48159538499999,0.0024818339919999996,-1879.9588953848443
9706,102.48159538499999,0.0029330765359999998,-1785.4367782066017
9707,102.48159538499999,0.0033843190799999995,-1695.5567044158615
9708,102.48159538499999,0.0038355616239999996,-1610.1119127116222
9709,102.48159538499999,0.004286804168,-1528.9049568293692
9710,102.48159538499999,0.004738046712,-1451.7478678474117
9711,102.48159538499999,0.0051892892559999996,-1378.4621435284353
9712,102.48159538499999,0.0056405318,-1308.8785396872952
9713,102.48159538499999,0.006091774344,-1242.836728191139
9714,102.48159538499999,0.0065430168879999995,-1180.184880643652
9715,102.48159538499999,0.006994259432,-1120.779218539415
9716,102.48159538499999,0.007445501976,-1064.4835555961795
9717,102.48159538499999,0.007896744519999999,-1011.1688477284604
9718,102.48159538499999,0.008347987064,-960.712759519279
9719,102.48159538499999,0.008799229607999998,-912.9992519196977
9720,102.48159538499999,0.009250472151999999,-867.9181933919854
9721,102.48159538499999,0.009701714695999999,-825.3649950940617
9722,102.48159538499999,0.010152957239999998,-785.2402698470294
9723,102.48159538499999,0.010604199783999999,-747.4495140077677
9724,102.48159538499999,0.011055442327999999,-711.9028111299654
9725,102.48159538499999,0.011506684871999998,-678.514556118385
9726,102.48159538499999,0.011957927415999998,-647.2031985329158
9727,102.48159538499999,0.012409169959999999,-617.8910037258329
9728,102.48159538499999,0.012860412503999998,-590.5038305231963
9729,102.48159538499999,0.013311655047999998,-564.9709242159704
9730,102.48159538499999,0.013762897591999999,-541.2247237288361
9731,102.48159538499999,0.014214140135999998,-519.2006818816715
9732,102.48159538499999,0.014665382679999998,-498.83709775303583
9733,102.48159538499999,0.015116625223999999,-480.07496022613486
9734,102.48159538499999,0.015567867767999998,-462.85780186489364
9735,102.48159538499999,0.016019110312,-447.1315623489247
9736,102.48159538499999,0.016470352856,-432.8444607389388
9737,102.48159538499999,0.0169215954,-419.9468759138014
9738,102.48159538499999,0.017372837944,-408.39123459151534
9739,102.48159538499999,0.017824080488,-398.1319063444272
9740,102.48159538499999,0.018275323032,-389.12510513955925
9741,102.48159538499999,0.018726565576,-381.32879689467774
9742,102.48159538499999,0.01917780812,-374.70261264595666
9743,102.48159538499999,0.019629050664,-369.20776692112867
9744,102.48159538499999,0.020080293207999998,-364.80698094954397
9745,102.48159538499999,0.020531535752,-361.4644103800043
9746,102.48159538499999,0.020982778296,-359.1455771946652
9747,102.48159538499999,0.021434020839999998,-357.81730552748894
9748,102.48159538499999,0.021885263384,-357.4476611353514
9749,102.48159538499999,0.022336505928,-358.00589426763014
9750,102.48159538499999,0.022787748471999998,-359.4623857153195
9751,102.48159538499999,0.023238991016,-361.7885958314786
9752,102.48159538499999,0.02369023356,-364.9570163299896
9753,102.48159538499999,0.024141476103999998,-368.94112468390284
9754,102.48159538499999,0.024592718648,-373.7153409590486
9755,102.48159538499999,0.025043961192,-379.2549869329133
9756,102.48159538499999,0.025495203735999998,-385.53624735113897
9757,102.48159538499999,0.02594644628,-392.5361331870874
9758,102.48159538499999,0.026397688824,-400.2324468063356
9759,102.48159538499999,0.026848931367999998,-408.6037488791421
9760,102.48159538499999,0.027300173912,-417.62932698142663
9761,102.48159538499999,0.027751416456,-427.2891657389361
9762,102.48159538499999,0.028202658999999998,-437.5639184742572
9763,102.48159538499999,0.028653901544,-448.4348802139921
9764,102.48159538499999,0.029105144088,-459.88396204779673
9765,102.48159538499999,0.029556386631999998,-471.89366665133826
9766,102.48159538499999,0.030007629176,-484.44706506884626
9767,102.48159538499999,0.03045887172,-497.527774495982
9768,102.48159538499999,0.030910114263999998,-511.11993719119926
9769,102.48159538499999,0.031361356808,-525.2082002828117
9770,102.48159538499999,0.031812599351999996,-539.777696578802
9771,102.48159538499999,0.032263841896,-554.8140262273873
9772,102.48159538499999,0.03271508444,-570.3032391597203
9773,102.48159538499999,0.033166326983999996,-586.2318184073977
9774,102.48159538499999,0.033617569528,-602.5866640736542
9775,102.48159538499999,0.034068812072,-619.3550781209021
9776,102.48159538499999,0.034520054615999995,-636.5247496683606
9777,102.48159538499999,0.03497129716,-654.0837410957481
9778,102.48159538499999,0.035422539704,-672.0204746386675
9779,102.48159538499999,0.035873782247999995,-690.3237195917936
9780,102.48159538499999,0.036325024792,-708.9825800353544
9781,102.48159538499999,0.036776267336,-727.9864830990148
9782,102.48159538499999,0.037227509879999995,-747.3251677391861
9783,102.48159538499999,0.037678752424,-766.9886739115631
9784,102.48159538499999,0.038129994968,-786.967332241698
9785,102.48159538499999,0.038581237511999995,-807.2517541386503
9786,102.48159538499999,0.039032480056,-827.8328221961981
9787,102.48159538499999,0.0394837226,-848.701681148066
9788,102.48159538499999,0.039934965143999995,-869.8497290389229
9789,102.48159538499999,0.040386207688,-891.2686088399348
9790,102.48159538499999,0.040837450232,-912.9502003215003
9791,102.48159538499999,0.041288692775999995,-934.8866122994503
9792,102.48159538499999,0.04173993532,-957.0701751496581
9793,102.48159538499999,0.042191177864,-979.4934336670929
9794,102.48159538499999,0.042642420407999995,-1002.1491400598516
9795,102.48159538499999,0.043093662952,-1025.0302474325924
9796,102.48159538499999,0.043544905496,-1048.1299032597612
9797,102.48159538499999,0.043996148039999995,-1071.4414433232882
9798,102.48159538499999,0.044447390584,-1094.958385747041
9799,102.48159538499999,0.044898633128,-1118.6744252940885
9800,103.53268867099999,0.000225621272,-2433.268181604923
9801,103.53268867099999,0.000676863816,-2309.2757835933844
9802,103.53268867099999,0.00112810636,-2193.549185471252
9803,103.53268867099999,0.001579348904,-2083.7085988224735
9804,103.53268867099999,0.002030591448,-1979.2328807949204
9805,103.53268867099999,0.0024818339919999996,-1879.846080178168
9806,103.53268867099999,0.0029330765359999998,-1785.317394061878
9807,103.53268867099999,0.0033843190799999995,-1695.4304496250293
9808,103.53268867099999,0.0038355616239999996,-1609.9785874200506
9809,103.53268867099999,0.004286804168,-1528.7644888495881
9810,103.53268867099999,0.004738046712,-1451.6003066160551
9811,103.53268867099999,0.0051892892559999996,-1378.307645476867
9812,103.53268867099999,0.0056405318,-1308.717352721525
9813,103.53268867099999,0.006091774344,-1242.6691776649673
9814,103.53268867099999,0.0065430168879999995,-1180.0113573593617
9815,103.53268867099999,0.006994259432,-1120.6001686876573
9816,103.53268867099999,0.007445501976,-1064.2994723695801
9817,103.53268867099999,0.007896744519999999,-1010.9802643194769
9818,103.53268867099999,0.008347987064,-960.5202432486726
9819,103.53268867099999,0.008799229607999998,-912.8033992824596
9820,103.53268867099999,0.009250472151999999,-867.7196258479619
9821,103.53268867099999,0.009701714695999999,-825.1643554686277
9822,103.53268867099999,0.010152957239999998,-785.0382192317009
9823,103.53268867099999,0.010604199783999999,-747.2467290759071
9824,103.53268867099999,0.011055442327999999,-711.6999817962862
9825,103.53268867099999,0.011506684871999998,-678.3123834883936
9826,103.53268867099999,0.011957927415999998,-647.0023930979137
9827,103.53268867099999,0.012409169959999999,-617.6922837664338
9828,103.53268867099999,0.012860412503999998,-590.3079206900932
9829,103.53268867099999,0.013311655047999998,-564.7785542654894
9830,103.53268867099999,0.013762897591999999,-541.036627391487
9831,103.53268867099999,0.014214140135999998,-519.0175958470302
9832,103.53268867099999,0.014665382679999998,-498.65976075548673
9833,103.53268867099999,0.015116625223999999,-479.9041122216896
9834,103.53268867099999,0.015567867767999998,-462.6941832854353
9835,103.53268867099999,0.016019110312,-446.9759134285343
9836,103.53268867099999,0.016470352856,-432.6975209000124
9837,103.53268867099999,0.0169215954,-419.80938321188154
9838,103.53268867099999,0.017372837944,-408.26392520793496
9839,103.53268867099999,0.017824080488,-398.01551412615606
9840,103.53268867099999,0.018275323032,-389.0203611777272
9841,103.53268867099999,0.018726565576,-381.23642914122513
9842,103.53268867099999,0.01917780812,-374.6233455630846
9843,103.53268867099999,0.019629050664,-369.14232116143097
9844,103.53268867099999,0.020080293207999998,-364.75607306337486
9845,103.53268867099999,0.020531535752,-361.42875254825464
9846,103.53268867099999,0.020982778296,-359.12587698490495
9847,103.53268867099999,0.021434020839999998,-357.8142656710719
9848,103.53268867099999,0.021885263384,-357.46197932383296
9849,103.53268867099999,0.022336505928,-358.03826296723867
9850,103.53268867099999,0.022787748471999998,-359.51349199795686
9851,103.53268867099999,0.023238991016,-361.8591212206217
9852,103.53268867099999,0.02369023356,-365.04763666120846
9853,103.53268867099999,0.024141476103999998,-369.05250997744616
9854,103.53268867099999,0.024592718648,-373.8481553055794
9855,103.53268867099999,0.025043961192,-379.40988838952677
9856,103.53268867099999,0.025495203735999998,-385.71388784764144
9857,103.53268867099999,0.02594644628,-392.73715844368047
9858,103.53268867099999,0.026397688824,-400.45749625714603
9859,103.53268867099999,0.026848931367999998,-408.8534556071102
9860,103.53268867099999,0.027300173912,-417.90431765862127
9861,103.53268867099999,0.027751416456,-427.5900605764787
9862,103.53268867099999,0.028202658999999998,-437.8913311763218
9863,103.53268867099999,0.028653901544,-448.78941794094806
9864,103.53268867099999,0.029105144088,-460.2662253825462
9865,103.53268867099999,0.029556386631999998,-472.3042495729224
9866,103.53268867099999,0.030007629176,-484.88655493110235
9867,103.53268867099999,0.03045887172,-497.99675201114877
9868,103.53268867099999,0.030910114263999998,-511.61897641575655
9869,103.53268867099999,0.031361356808,-525.7378686114669
9870,103.53268867099999,0.031812599351999996,-540.3385547406082
9871,103.53268867099999,0.032263841896,-555.4066282825545
9872,103.53268867099999,0.03271508444,-570.9281325070758
9873,103.53268867099999,0.033166326983999996,-586.8895437854874
9874,103.53268867099999,0.033617569528,-603.2777555779578
9875,103.53268867099999,0.034068812072,-620.0800632080604
9876,103.53268867099999,0.034520054615999995,-637.2841491796462
9877,103.53268867099999,0.03497129716,-654.8780692677285
9878,103.53268867099999,0.035422539704,-672.850239126622
9879,103.53268867099999,0.035873782247999995,-691.1894214947051
9880,103.53268867099999,0.036325024792,-709.8847139163151
9881,103.53268867099999,0.036776267336,-728.9255370140327
9882,103.53268867099999,0.037227509879999995,-748.3016232662578
9883,103.53268867099999,0.037678752424,-768.0030061795071
9884,103.53268867099999,0.038129994968,-788.0200099635599
9885,103.53268867099999,0.038581237511999995,-808.34323964346
9886,103.53268867099999,0.039032480056,-828.9635714681397
9887,103.53268867099999,0.0394837226,-849.8721438558589
9888,103.53268867099999,0.039934965143999995,-871.0603485806691
9889,103.53268867099999,0.040386207688,-892.5198223792665
9890,103.53268867099999,0.040837450232,-914.2424388250522
9891,103.53268867099999,0.041288692775999995,-936.2203005802528
9892,103.53268867099999,0.04173993532,-958.4457319127566
9893,103.53268867099999,0.042191177864,-980.9112715419444
9894,103.53268867099999,0.042642420407999995,-1003.6096656593259
9895,103.53268867099999,0.043093662952,-1026.533861379774
9896,103.53268867099999,0.043544905496,-1049.6770002495894
9897,103.53268867099999,0.043996148039999995,-1073.03241216139
9898,103.53268867099999,0.044447390584,-1096.5936093960734
9899,103.53268867099999,0.044898633128,-1120.3542809198339
9900,104.583781957,0.000225621272,-2433.253664449346
9901,104.583781957,0.000676863816,-2309.2051038788495
9902,104.583781957,0.00112810636,-2193.4587794296726
9903,104.583781957,0.001579348904,-2083.6093998083247
9904,104.583781957,0.002030591448,-1979.1273465208662
9905,104.583781957,0.0024818339919999996,-1879.734467852638
9906,104.583781957,0.0029330765359999998,-1785.199443238596
9907,104.583781957,0.0033843190799999995,-1695.3058610852338
9908,104.583781957,0.0038355616239999996,-1609.8471576645345
9909,104.583781957,0.004286804168,-1528.626138512292
9910,104.583781957,0.004738046712,-1451.4550757883012
9911,104.583781957,0.0051892892559999996,-1378.1556798354418
9912,104.583781957,0.0056405318,-1308.5588884501299
9913,104.583781957,0.006091774344,-1242.5045276970282
9914,104.583781957,0.0065430168879999995,-1179.8408995544848
9915,104.583781957,0.006994259432,-1120.4243358909425
9916,104.583781957,0.007445501976,-1064.11874410972
9917,104.583781957,0.007896744519999999,-1010.7951598714376
9918,104.583781957,0.008347987064,-960.3313158115811
9919,104.583781957,0.008799229607999998,-912.611231066782
9920,104.583781957,0.009250472151999999,-867.5248238993623
9921,104.583781957,0.009701714695999999,-824.9675480986416
9922,104.583781957,0.010152957239999998,-784.8400529438009
9923,104.583781957,0.010604199783999999,-747.0478659019163
9924,104.583781957,0.011055442327999999,-711.5010969780467
9925,104.583781957,0.011506684871999998,-678.1141634448873
9926,104.583781957,0.011957927415999998,-646.8055336368784
9927,104.583781957,0.012409169959999999,-617.4974885015565
9928,104.583781957,0.012860412503999998,-590.1158996367428
9929,104.583781957,0.013311655047999998,-564.5900225889344
9930,104.583781957,0.013762897591999999,-540.852304285421
9931,104.583781957,0.014214140135999998,-518.8382035301844
9932,104.583781957,0.014665382679999998,-498.48602356737393
9933,104.583781957,0.015116625223999999,-479.7367558075038
9934,104.583781957,0.015567867767999998,-462.5339338587229
9935,104.583781957,0.016019110312,-446.82349710427985
9936,104.583781957,0.016470352856,-432.55366308876717
9937,104.583781957,0.0169215954,-419.6748080698504
9938,104.583781957,0.017372837944,-408.13935513654866
9939,104.583781957,0.017824080488,-397.9016693153399
9940,104.583781957,0.018275323032,-388.9179591909709
9941,104.583781957,0.018726565576,-381.14618453553675
9942,104.583781957,0.01917780812,-374.5459695426047
9943,104.583781957,0.019629050664,-369.0785212612628
9944,104.583781957,0.020080293207999998,-364.7065528599575
9945,104.583781957,0.020531535752,-361.39421139539945
9946,104.583781957,0.020982778296,-359.10700977215674
9947,104.583781957,0.021434020839999998,-357.8117626032308
9948,104.583781957,0.021885263384,-357.4765257195425
9949,104.583781957,0.022336505928,-358.07053907512176
9950,104.583781957,0.022787748471999998,-359.56417282901765
9951,104.583781957,0.023238991016,-361.9288763960346
9952,104.583781957,0.02369023356,-365.13713027330124
9953,104.583781957,0.024141476103999998,-369.1624004640101
9954,104.583781957,0.024592718648,-373.97909533557316
9955,104.583781957,0.025043961192,-379.56252476010326
9956,104.583781957,0.025495203735999998,-385.8888613914729
9957,104.583781957,0.02594644628,-392.93510394504614
9958,104.583781957,0.026397688824,-400.6790423784113
9959,104.583781957,0.026848931367999998,-409.09922482138785
9960,104.583781957,0.027300173912,-418.17492619128626
9961,104.583781957,0.027751416456,-427.88611835355675
9962,104.583781957,0.028202658999999998,-438.21344178032916
9963,104.583781957,0.028653901544,-449.13817857186154
9964,104.583781957,0.029105144088,-460.64222682378744
9965,104.583781957,0.029556386631999998,-472.70807616549257
9966,104.583781957,0.030007629176,-485.31878455056096
9967,104.583781957,0.03045887172,-498.4579560493377
9968,104.583781957,0.030910114263999998,-512.1097197710014
9969,104.583781957,0.031361356808,-526.2587096740633
9970,104.583781957,0.031812599351999996,-540.890045393515
9971,104.583781957,0.032263841896,-555.9893138965408
9972,104.583781957,0.03271508444,-571.5425519444361
9973,104.583781957,0.033166326983999996,-587.5362294047634
9974,104.583781957,0.033617569528,-603.9572332441437
9975,104.583781957,0.034068812072,-620.7928523009815
9976,104.583781957,0.034520054615999995,-638.0307626110045
9977,104.583781957,0.03497129716,-655.6590134951101
9978,104.583781957,0.035422539704,-673.6660141756795
9979,104.583781957,0.035873782247999995,-692.0405209770087
9980,104.583781957,0.036325024792,-710.7716250537994
9981,104.583781957,0.036776267336,-729.8487406678437
9982,104.583781957,0.037227509879999995,-749.2615939577371
9983,104.583781957,0.037678752424,-769.0002121229238
9984,104.583781957,0.038129994968,-789.054913095345
9985,104.583781957,0.038581237511999995,-809.4162956573659
9986,104.583781957,0.039032480056,-830.0752298432537
9987,104.583781957,0.0394837226,-851.0228478973238
9988,104.583781957,0.039934965143999995,-872.2505354506745
9989,104.583781957,0.040386207688,-893.7499231388579
9990,104.583781957,0.040837450232,-915.5128784688586
9991,104.583781957,0.041288692775999995,-937.5314980779999
9992,104.583781957,0.04173993532,-959.798100249456
9993,104.583781957,0.042191177864,-982.3052177609729
9994,104.583781957,0.042642420407999995,-1005.0455908989989
9995,104.583781957,0.043093662952,-1028.0121609260234
9996,104.583781957,0.043544905496,-1051.198063566013
9997,104.583781957,0.043996148039999995,-1074.5966229516112
9998,104.583781957,0.044447390584,-1098.2013456275763
9999,104.583781957,0.044898633128,-1122.0059148878752
